-3
-1
-1
-3
-1
-1
-3
-1
-1
4.828937031100935
-2
-3
-3
6.980891485534427
-3
-2
-1
5.159134810774093
-3
2.30843046745923
6.340092160487135
-3
-1
-2
-1
-2
-3
-1
-2
-3
-3
-3
-1
-3
-1
-3
-1
-2
-3
-1
10.069463601417693
-2
-3
-2
-3
-1
-2
-2
-1
-1
-1
-1
-1
-2
-1
-1
-3
-2
-1
-1
-3
-1
-1
-3
-1
-3
-1
-3
-3
6.121597424678788
-1
-1
-3
-2
-2
-1
-1
-2
-1
-1
-1
-2
-1
-3
-2
-1
2.0657366615085033
-1
-3
5.674311928331759
-3
-1
-3
-3
-3
-2
-1
-3
-1
-3
-1
-3
-3
-1
-3
-3
-3
-3
-2
7.079361819607591
-3
-2
-1
-2
-3
-1
-3
8.37156138426853
-1
-3
-2
-3
-3
-3
-1
-1
-3
-1
-1
-1
8.022633647426026
-3
5.959027181405196
-1
-3
-1
-1
-1
-1
-1
-1
-1
-3
-1
-1
-1
-2
-2
-3
-1
-3
-1
-2
-2
7.783279662958874
-2
-2
-1
-1
-1
-2
-1
-1
-3
-2
-1
-3
-2
-1
-1
-1
-2
-3
5.202555366631726
-2
-3
-1
-3
-2
-2
-2
-1
-1
-2
-3
-3
-2
-1
-2
-1
9.663647227707571
-1
-3
-2
-1
-2
-3
-1
-1
-1
-3
-3
-2
-3
7.136503163574401
-1
-3
4.895796661859141
-3
-2
-1
-3
-1
-3
-1
-3
-1
10.04057151085288
-3
-1
-2
-2
-1
-2
-1
-2
-1
-2
-2
-1
-1
-3
-2
-3
-1
-1
-3
-2
-3
-1
-2
-1
-1
-1
-3
-1
-2
-2
-1
-2
-2
-2
-1
-3
-3
-1
-2
-1
-1
-2
-3
-1
-2
-3
-3
-3
-3
7.7524878889702915
-1
-1
-1
-1
-1
-2
-3
-2
-3
-1
-2
-1
-3
-3
-2
-3
-1
-1
-1
-2
-2
6.3512467512410655
9.14841705226837
-1
-1
-1
-1
-1
-3
-1
-3
-2
-2
-2
-2
-1
-1
-1
-3
-2
-1
-1
-1
-1
-2
-2
-3
-2
-3
-1
6.480975298718191
-1
-1
-3
