-2
-3
-2
-2
-1
-1
-1
-1
-1
-1
-1
-1
-2
-1
-1
-3
-2
10.386204640529863
-1
-1
-3
-3
-1
-1
-2
-3
-1
-2
-3
1.9665340476838367
-3
-2
-1
-1
-2
-3
-1
7.843525769347858
-2
-1
-1
-1
-1
-2
-1
-1
-1
-2
-2
-1
-1
-3
-3
-1
-2
-1
-2
-2
-3
-1
-2
-1
-1
-1
-1
-3
-2
-2
-2
-1
-2
-3
-1
-1
-3
-2
-1
-2
7.157672860968855
-1
9.692421911769609
-1
-2
-2
-1
-1
-1
6.503105752075893
-1
-3
-3
-2
-3
-2
-1
-1
-1
-1
-2
-2
-1
-2
-1
-3
-1
-2
-2
-1
-1
-3
-3
-1
-3
-3
-1
-2
-1
-1
1.694939240169452
-3
-1
-2
-2
-3
-1
-1
6.891185009774841
-2
-3
-1
-3
-3
-3
-2
-3
-1
-1
-3
-1
-2
-3
-1
-1
-1
-2
-1
-1
-1
-1
-3
-1
-2
-2
-3
4.597203214769097
-2
-1
-2
-1
-1
-1
-1
-2
-3
-2
-2
-3
8.660949018503972
-1
-1
-3
-1
-1
-3
-2
-1
-1
-3
-2
-2
-2
-1
-2
-3
-1
-1
-2
-1
-1
-1
-3
-1
-1
-2
-1
3.3145345674425215
-1
-1
-3
-1
-1
-1
-2
-3
-1
-2
-3
-2
-2
-2
-1
-1
-1
-2
-3
-3
-3
-1
-1
-1
-1
-2
-2
-2
-1
-1
-3
-2
-2
7.573837565908525
-1
-3
-2
-1
-2
-2
-1
-3
-1
-3
-1
-1
-3
-1
-1
-3
-1
-1
-2
-1
-3
2.8021252234997007
-2
-1
-3
-1
-1
-3
-3
-1
-1
-2
-1
-3
-1
-1
-3
-1
-2
-1
-1
-1
-3
-2
-1
-3
-1
-2
-2
-1
-1
-3
-3
-3
-3
-3
-2
-3
-1
-1
10.477215985329646
-3
-2
-3
-3
-3
-3
-1
-2
-2
-1
-1
-3
-2
-1
-1
-2
6.547096697665204
10.484744992064726
-2
-1
-1
-1
-1
-3
-3
-1
-1
-3
-1
-3
-1
-2
-3
-1
-1
-1
-1
-1
-1
-1
-3
-2
-1
-3
-2
-1
-2
-1
-1
-2
-1
-1
6.741664211705032
-1
-2
-1
-3
-3
-3
-2
-1
-1
-1
-1
-3
-1
-1
-3
-1
-1
-1
-1
-2
-2
-1
-1
-2
-2
-2
-2
-2
8.180245485974803
-1
-1
-1
-3
-2
-1
3.534169533691088
-2
-1
-1
