-2
-2
-2
-4
-4
-4
-2
-4
-2
-2
-3
-2
-2
-4
-3
-1
-4
-3
-2
7.942280090222882
-3
-4
-2
-2
-2
7.824594182379512
-4
-2
8.681460048768999
-1
-3
-2
-2
-1
-3
-2
-4
-2
-4
5.820625607100796
-3
-2
-3
-2
-2
-2
-3
-2
-4
-3
-4
-4
8.036009530499648
-2
-3
-2
-2
3.0083974485836187
-2
-2
-2
-2
-2
8.04773589431373
-2
-1
-2
-2
-2
-4
-4
-3
-3
-3
-4
-3
-2
-3
-2
-1
-1
-2
-2
-2
-4
-2
-2
-3
-2
-2
-2
-2
-2
-4
-4
-4
-4
-2
-2
-2
-2
-2
-4
-2
-3
-2
-2
-3
9.170937665601642
-2
-4
-2
-2
-2
-3
-2
-1
-4
-4
-2
-4
-2
4.059557633870913
-3
-2
-1
-2
-4
-3
-3
-2
-3
-2
-2
-2
-3
-2
-3
-2
-3
-3
-1
-4
-2
-2
-2
-2
-2
4.303388153329346
-2
-3
-2
-2
-2
-2
-1
-2
-1
-2
-2
-1
-3
-3
-4
-4
-4
-2
-4
-3
-2
-1
9.865925916846614
-3
-2
-2
-4
-2
-2
-4
-2
-3
-1
-1
-2
-2
-3
0.850062062759493
10.012746819147955
-2
5.955964101637054
-2
-2
-2
-4
-2
-4
-3
-2
-4
-2
-4
-1
7.032510153423372
-2
-4
-2
-3
-2
-3
-2
-4
-4
-2
-3
-3
-4
-1
-4
-2
-4
-3
-2
-1
-4
-4
-2
-4
-2
-4
-3
-3
-2
4.10623852980555
-2
-2
-4
-3
-4
-2
-3
-3
-2
-2
-3
-2
-4
-2
-4
-2
-2
-3
-2
-4
-2
-4
-1
-4
-2
3.945038510224286
-4
-3
-2
-2
-4
-4
-4
-3
-3
-1
-3
-3
-2
-2
-2
-4
-2
-2
-4
-1
-3
-3
-2
-3
-3
-1
-2
-2
-2
10.019345325874134
-2
-4
2.2111606910035686
-3
-3
-4
-2
-3
-2
-3
-2
-3
-2
-4
-2
-4
-1
-2
-3
-2
-1
-3
-2
-2
-2
-2
-4
-4
-2
-4
-2
-4
-2
-2
-3
-2
-4
-2
-2
-4
-2
-4
-2
-2
-2
-3
3.364610284509874
-4
1.9042346859739752
-2
4.693523860459155
-2
-2
-2
-2
-4
8.109419815490542
-4
-4
-3
-2
-2
-4
-2
-2
-4
-2
-2
-2
-2
-2
-4
-2
-2
-3
-4
-2
-2
-3
6.889722538454739
-2
-2
-3
-3
-3
-4
-3
-3
-4
-2
-2
-1
3.124572076896376
-4
-2
-2
-2
-3
-4
-4
-3
-2
-3
-2
-2
-2
-3
-2
-2
-2
-3
-2
-2
9.58662741135568
-2
-2
-3
-3
-2
-4
-3
-4
-4
-4
-4
-4
6.667325037093224
-4
-1
7.307868939364861
-2
-3
-2
-3
-2
-3
-4
-4
-2
-4
-1
3.049876414892921
-1
-2
-2
-2
-4
-3
-4
-3
-4
-3
-2
-1
9.732761162627968
-2
-3
-2
-2
-4
-2
-2
-2
-3
-2
-3
-2
-1
-2
-4
-2
-4
-2
-2
-2
-3
-3
-4
-4
-2
-2
-2
-3
-4
10.4584031909967
-2
-2
-2
-4
-1
-3
-3
-2
-3
-4
-3
-4
-2
-4
-2
-2
-4
-3
-3
-4
-2
-4
-3
-2
9.748477925541332
-2
-3
-4
-3
-3
-2
-1
-1
-2
-2
-2
-2
-4
-4
4.365082068487798
-4
-3
-2
-2
-2
-2
-2
-3
-3
-4
-2
-4
6.968125834148978
-2
-3
-4
-2
-2
-4
-4
-4
9.91823733516299
-2
-2
-4
-2
-2
-2
-4
-4
-2
-2
-2
-4
-4
-3
8.838381577901245
-2
-2
-3
-2
-2
-2
-4
-3
-3
-4
4.575613564359362
-3
-2
-2
-2
-2
-2
-2
-2
-3
-2
-3
-2
-3
-1
-3
-3
-2
-4
-4
-4
-3
-2
-4
4.35463546247186
-2
-2
-2
-3
-3
-2
-4
-2
-2
-3
-2
-3
-3
-3
-2
-4
-2
-3
-3
-2
-4
-3
-3
-2
-2
-2
-3
-2
-2
-4
-1
8.549515556135024
-1
-2
-4
-4
6.60497264432626
-3
-3
-3
-3
-3
8.023348640016744
-2
-4
-2
-2
-2
-3
-2
-4
-2
-4
-4
-4
-2
-4
-4
-2
-1
-2
-3
-4
-3
-2
-3
-2
-4
-2
-1
-2
-3
-3
8.71747324331764
-2
-4
-4
-2
-1
-2
-2
-3
-2
-1
-4
-3
-2
9.732704131206523
-2
-2
-2
-4
-3
-2
-2
-4
-2
-2
-2
-2
8.126073528249487
-2
-2
-2
-3
-4
-2
-4
-4
7.595818959237938
-1
-4
-2
-2
-3
4.499154704286342
-4
7.706396781087038
-3
2.3835223185766328
-2
-3
-2
-4
7.455682928493207
-4
6.04040426658676
-3
-2
-4
-2
-4
-2
-3
-3
-3
-3
5.342230527395261
-3
-4
-2
-4
-1
-4
-4
-2
7.659883405091028
-2
-4
-2
-3
4.8448467299764495
7.844490919807685
-4
-1
-4
-3
-2
-2
-2
-4
-2
-2
-2
-2
9.468308279515556
-2
-3
-2
-2
-2
-3
-3
-2
-1
-3
-2
-2
-3
4.679772357608568
-2
-2
-2
-2
-2
-4
-2
-4
-2
-2
-2
-2
-2
-4
-4
-3
-2
-4
-4
-4
-2
-3
-2
-2
-4
-4
-2
-2
-2
-4
-2
-4
-4
-2
-2
-3
-2
-4
-4
-2
-2
-2
-2
-2
-1
5.741422701316717
-4
-3
-2
-2
6741478373183
-4
-2
-1
-2
-3
-3
-4
-4
-2
-2
-2
-2
-3
-4
-2
-2
-2
9.807857123255909
-3
-2
-4
-2
-4
-2
3.7400603003822006
-1
-2
-2
-2
-4
-2
-4
-2
-3
-2
-4
-4
-3
-3
-2
-4
-4
-3
-3
-4
-2
-3
-2
-2
9.354673200675357
-1
-4
-3
-3
-2
-3
7.1012577190747805
-3
-2
-1
-3
-2
-4
-2
-2
-2
-3
-3
-4
-4
-2
-2
-3
-3
-2
-3
-4
-4
-2
-4
-3
-2
-2
-3
-4
-3
-3
-3
-1
-3
-2
-4
-2
-4
-4
-2
-4
-2
-4
-3
-4
-1
-3
-4
-2
-2
-3
-3
-2
-2
4.109576869487814
-3
-3
-2
-2
-2
-4
-2
-2
-2
-2
-4
-2
7.891976183779448
-2
-4
-3
-2
-3
-1
-4
-3
-3
-2
-2
-3
-2
-4
-4
-2
-2
-2
-3
-1
-1
-4
-2
-2
-2
-2
-3
-2
6.572320473887849
-4
-3
-3
-4
-2
-2
-4
-4
-2
-2
-2
-1
-2
-1
-2
-4
-4
-4
-3
-3
-3
-3
-3
-2
-2
-2
-2
-3
-3
-4
-3
-2
-3
-3
-1
-2
-2
-1
-3
-2
-1
-2
-4
-2
-2
-4
-4
-4
-3
-2
-3
-2
-3
-2
7.031768395914854
10.24555420403032
-4
-4
-2
8.840375409959222
-2
-3
-3
-4
-3
-3
-3
8.597049592302197
-2
-2
-1
-2
-1
-3
-3
-1
-2
-4
-2
-2
-3
-4
-4
-3
-4
-2
6.519673486167612
-1
-2
-2
5.837205912119135
-2
-2
-4
-2
-4
-4
-2
-2
-3
-2
7.328007781223178
-2
-2
-2
-1
-4
-4
-4
-4
-3
-2
-1
-2
-2
-4
-2
-2
7.0049195986006065
-2
-2
-2
-2
-2
-2
-2
-4
-2
-4
-3
-2
-2
-2
-2
-3
-2
-3
5.798816210105258
-3
6.420882887523737
-4
-2
-4
-2
-3
-2
-1
-2
-2
-2
-3
-3
-3
-4
-3
-2
-3
-1
-2
-4
-2
5.8681752072354065
-3
-2
-4
-3
-2
-2
-3
7.889482362256507
-2
-4
-2
-2
-2
-2
-3
4.966976074630173
-1
7.119048591301272
-4
-2
-3
-2
-3
-4
9.234936098067767
-3
-3
-3
-3
-3
-1
-2
-2
-2
-2
-1
-2
-4
-3
9.258165790231612
-2
-1
-3
-2
-2
-4
-2
-2
-2
-2
09635365273323
-4
-4
-4
-4
-3
-2
-3
9.607895743669243
-2
-2
-2
-1
-4
-2
-2
10.08910802338019
-3
-2
-2
-3
7.364216793420711
-2
-4
-3
-3
-4
-2
-2
-4
-2
-3
-3
-3
-2
6.814973794601398
-2
-4
-4
-3
-2
-2
-2
-3
-3
-2
-3
-2
-2
-2
-3
-3
-2
-2
-2
-4
-2
-4
-4
-2
-1
-2
-4
-3
9.25441550290105
-4
-4
-2
-4
-2
-2
-3
-2
-3
-4
-2
-1
-2
-3
-2
-2
-2
-3
-4
-4
-2
-2
-3
-2
-4
-4
-4
-3
-4
-2
4.040123757184007
-4
-4
-4
-3
-3
9.108489135386984
-1
-3
-4
-2
6.270007754368265
-4
-4
-2
-2
8.856044406279258
-2
-3
-4
-2
-4
-4
-2
-2
-1
-2
-2
-2
5.073962007222221
-4
7.152931790513369
-3
4.976598862411231
-2
-3
-4
5.689649921542506
-3
-2
-3
-3
-2
-2
-2
-2
-2
-1
-3
-2
-2
-1
-4
-2
8.144625329184372
-2
-1
-2
-4
-2
-4
-1
-4
-2
-2
-2
-4
4.3385252250210335
-2
-4
-3
-3
-2
-3
-3
-4
-4
-2
-3
-2
-3
-4
-2
-2
-4
-2
-4
-2
7.169255580150979
-3
-4
-2
-2
-1
-3
-3
-4
-2
-2
-2
-4
-2
-4
-3
-4
-1
-4
-2
-2
-2
-3
-4
-1
-2
-4
-4
-4
-4
-1
-2
-2
-4
-4
-2
-2
-2
-4
-3
-4
-2
-4
-4
-3
-3
-2
-4
-2
-3
-2
-4
-2
-3
-3
-2
-4
7.430234192565219
-4
-2
-2
-3
-4
-4
-2
9.181895643100246
-4
-2
6.090397565270614
-4
-2
-3
7.203911860933019
-4
-2
-2
-2
-2
-4
-4
-4
8.590084800806782
-2
10.486353710374214
-2
-2
-2
-3
-2
-2
-4
-4
-4
-2
-4
-2
-3
-3
-2
-4
-3
-3
-3
-2
-4
-2
-2
-2
-2
10.064192688122967
-4
-3
-3
-4
-2
-2
-3
-4
-3
-4
-2
-4
-2
-3
-4
-2
-3
-4
-2
-3
-4
-2
-3
-4
-2
-2
-3
-3
-4
-2
-2
-2
-2
-3
-2
-3
-3
-2
-2
-2
-3
-2
-2
-2
-4
-3
-1
-2
-1
9.275556458267618
-2
-2
-4
-3
7.997142641973115
-2
9.611425365609488
-3
-2
-2
6.3353161922780785
-2
-3
-3
6.209466607367064
-3
-2
-4
-2
-2
-4
-4
-4
-3
-4
-3
-2
-2
-4
-4
-2
-3
-4
-2
-4
-4
-3
-4
-2
-2
-3
-4
-4
-3
-4
-4
-2
-3
-4
-2
-2
-2
4.462642953684876
-4
-3
-2
-4
-2
-2
-3
-3
-4
-3
-2
-4
-4
-4
-2
-2
-1
-2
-2
-2
-3
-3
-2
-3
-3
-2
-4
-3
-2
-3
-1
-3
-3
-2
-3
-2
-3
-3
-3
-3
-2
-4
-3
-4
-2
-3
5.020429414717755
-3
-2
-2
-4
-2
-3
-4
-2
-4
-4
-3
-2
-4
-4
-3
-2
-4
-3
-4
-2
-4
-2
7.143529808579144
-2
-4
-1
-2
9.66791893596341
-1
-2
-3
-3
-1
-2
-4
-2
-2
-4
-3
-2
-2
-1
-4
-3
-2
-3
-4
-3
6.45617965340451
-3
-4
-2
-3
-4
-4
-2
-2
-3
-1
-3
-2
-4
-4
-4
-3
-2
-2
9.490804225161448
-4
-4
-4
-2
-2
-3
-2
-2
-4
2.518036952659065
-2
-2
-1
-3
9.942517569441542
-4
-2
-3
-2
-2
-4
6.250755293690434
-1
-3
-2
-4
-3
-3
-3
-3
-2
-2
-3
4.642453011628003
-3
-4
-3
-2
-3
-4
-2
-2
-4
-4
-3
-3
-1
-1
10.296290429071808
-2
-3
-2
-2
-3
-2
-3
-3
-3
-4
-3
-3
-2
-4
-1
-2
-2
-3
-4
-3
-3
-2
-2
-2
-2
-2
-3
-3
-2
-3
8.985330278667533
-3
-3
-3
-1
-3
-1
-2
-3
-2
-4
-4
-4
-3
-2
-3
-3
-4
-3
-4
-4
-1
-2
-4
-2
-3
-2
8.154565622550411
6.716686563469807
-2
-3
-1
-2
-3
-2
-2
-3
-4
-2
-3
-4
-4
-3
-4
-2
-2
-2
-3
-3
-2
-3
-2
-2
-2
-4
-4
-1
-2
-2
-3
-2
-2
-3
-2
-2
-3
-3
-2
-3
-4
-3
-2
-4
-2
-4
-4
-3
-3
-2
-3
-4
-2
-3
-2
-4
-3
-4
-2
-2
-2
-2
-2
-3
-3
-3
-2
-3
-1
-3
-2
-4
-4
-3
-2
7.605850979520442
-4
-2
-2
-2
-3
-2
-3
-3
-2
-4
-3
-2
-4
-2
-2
-4
-2
-3
-3
7.6270718261359125
-2
-4
-2
-4
-3
-2
-2
-3
-2
-3
-3
-2
-1
-2
-2
-4
-2
-3
6.4521057091670375
-4
-4
-2
-2
-2
-2
-3
-2
-2
-4
-2
-2
-2
-4
-1
-2
-3
-4
6.794493210539686
-2
-3
-3
-2
-3
-2
-4
-2
-2
-2
-4
-3
4.936713913651948
-2
-2
-2
10.485403784011107
-2
-2
-4
-4
-1
-2
-2
-3
-2
-2
9.678407034748846
-3
-4
-2
-4
-3
-2
-2
-1
-3
-2
-2
-2
-2
-4
-2
-2
-4
-2
-2
-3
-2
-1
-1
-3
-3
-1
-1
-3
-4
-2
-2
-2
-2
-2
-2
-2
-2
-3
-3
-2
8.58860663246091
9.421841512867804
-4
-4
-2
-4
-2
-2
10.021309812663805
-4
-4
-1
8.294793908215322
-3
-2
-4
-3
-1
-3
-4
-2
-2
-4
-4
-4
-2
-2
-2
-2
-2
-3
-2
-1
-4
-2
-3
-3
-3
-2
-1
-2
-2
-3
-4
-3
-2
-4
-2
6.520039172472304
-4
-4
-2
-2
-2
-1
-2
-2
-2
-3
-4
-3
-2
-2
-2
10.347218523091497
-4
-2
-4
-2
-4
-3
-4
-4
-2
-4
-3
-2
-2
-2
-4
-2
-3
-2
-4
-3
-4
-2
-2
-3
-2
-2
9.567520774554104
-2
-4
5.190570061113208
-4
-2
-3
-3
-2
-3
-3
-4
-3
-4
-3
-4
3.1954709242515644
-2
-4
-3
-2
-1
-2
-4
-4
-3
-3
-2
-2
-4
-2
-4
-4
-3
-1
-4
-4
-3
-4
-2
-4
-3
-2
-2
-2
-1
-3
-2
-4
-2
-2
-3
-2
-2
-4
-4
-4
-2
-2
-3
-2
-4
-4
-1
-2
-3
-3
-2
5.005787333882536
-3
-2
-4
7.573056920366682
-2
-4
-2
-3
-2
-2
-2
-4
6.643972439579368
-3
-1
-2
-2
-4
-2
-3
-3
-2
-3
-4
-4
-1
-3
-2
-4
2.6785064968918597
-1
-3
-1
-4
-2
-2
-2
-4
-3
-3
-4
-2
-2
-2
7.542176945519206
-4
-4
-3
-4
-2
2.661760151914309
4.061012267391536
-3
-2
-1
-4
-2
5.147984088284041
-3
-1
-2
-4
-3
-2
-3
-3
-2
-3
-4
-3
-3
-1
-2
-2
-2
-2
-4
-2
7.178260471337845
-2
-2
-2
-2
-3
-1
-2
-2
-2
-4
-3
-2
-2
-4
-4
-2
-3
-4
3.9961958407000733
-2
-3
-3
-3
-4
-2
-3
-1
9.071986349359216
-2
-2
-2
-1
-3
-3
-3
-2
-2
-3
-2
-2
-2
-2
9.400325385490797
-4
-4
-2
-3
-2
-3
-2
4.12950530409177
-2
-3
-4
-4
-2
-2
-2
-3
-2
-4
-2
-2
-3
-3
-4
-2
-2
-2
-2
-2
-3
-1
-2
-3
-2
-4
-4
-4
-2
-2
-2
-4
-4
-4
-4
-3
-3
-2
-2
-1
-2
8.079432152468463
-4
-2
-2
-4
-2
-3
-1
-3
-3
-2
-3
-2
-4
-1
-2
-2
-1
-4
-2
-2
-3
-1
-1
-3
-2
-2
-2
-4
-4
-2
-2
-2
-2
-2
-2
-2
7.7531279245221345
-4
-3
9.761981908565994
5.09446349001869
-1
-4
-4
-1
-2
-2
-2
-1
-2
-4
-4
-2
-2
-4
-2
-4
-2
-2
-3
-2
-2
-2
-3
-4
1.1534370919732506
3.020915811320358
-3
-3
-3
-4
-4
-2
-2
-2
9.641864014864323
3.7615198846740974
-4
-2
-4
-4
-3
-2
-2
-2
-2
-1
-4
-2
-4
-2
-4
-2
-3
-2
-4
-2
-2
-4
-1
-2
-2
-2
-4
-4
-2
-3
-3
-4
-2
-4
-2
-2
-4
-4
-4
-2
-3
-4
-2
-2
-3
-1
-2
-2
-2
-2
-1
9.575879085191708
-3
-4
-3
-2
-2
-4
-2
-4
-4
-2
-2
-3
-2
-3
-4
-4
-3
-3
-3
-3
-4
-2
-3
-2
-2
-2
-3
-4
-2
-4
-3
-4
-2
-2
-3
-4
-2
-2
-2
-1
-3
-3
-1
-2
-3
-2
-3
-3
-2
-2
-2
-3
-3
9.854512614365015
-3
-2
-2
-2
-4
-3
-2
-4
-2
-2
-2
-2
-2
-4
-2
-3
-4
-3
-2
-2
-3
-4
3.6029498329621354
-2
-2
-2
-2
-1
-4
-4
-2
-4
7.883035586836572
-2
-1
-2
-3
-2
-3
-2
-3
-2
-3
10.49852707657163
-3
-2
-2
-1
-2
-3
-3
-2
-3
-4
-2
-2
-1
-2
-4
5.866955253070143
-3
-4
-4
-4
-4
-3
-2
-3
-2
-2
-2
-4
-2
-3
-2
-2
-2
-4
-2
-2
-2
-4
-4
-3
-2
-4
9.217546194798555
-2
-2
-2
-2
-4
-3
3.289490532848057
-2
-2
-4
-4
-2
-4
-3
-2
-4
-3
-2
-2
-3
-4
-3
-4
-2
-1
-2
-4
-2
-3
-1
-4
-3
-2
-2
-2
-4
-2
-3
-4
-2
-3
-4
-2
-4
-3
-2
-2
-4
-3
-4
-2
-1
-2
-2
-2
-4
-4
-3
-2
-3
-2
-3
-4
-3
-2
-4
-4
-4
-2
-2
-4
-2
-3
3.352516974092005
6.554952104048958
-1
-4
-4
-4
-2
-4
10.374794070581538
-1
-4
-4
-1
-2
-2
-4
-4
-4
-4
-4
-3
-4
-2
-2
10.079594170463203
-2
-2
-2
-2
-1
-2
-2
-4
-2
-2
-3
-2
-3
-3
-4
-2
-3
-1
-4
-3
-1
-2
-4
-2
-4
-2
-3
-2
-2
-1
-4
-2
-4
-2
-4
-3
-4
-4
-2
-4
-2
-2
-2
-2
-2
-2
-3
2.922022012140058
-3
-2
-2
-2
-3
-2
-1
-1
-2
-3
-2
-4
-3
7.6624334074211
-2
-1
-2
-2
-2
-2
-3
-2
-4
-4
-4
-2
-1
-4
-4
-4
-2
-3
-2
-4
7.519942919079407
-3
-2
-2
-3
-2
-4
-4
-2
-2
-4
-4
-2
-3
-3
-2
-2
-2
-3
-2
-1
-4
-2
7.7489297930265675
-4
-2
-2
-4
-2
-2
-3
-3
-2
-4
-4
-4
-2
-1
-4
-2
-3
8.279932064501722
-4
-2
-2
6.939415202912466
-3
-2
-3
-2
-2
-4
-2
-2
-3
-3
-4
-2
-2
-4
-3
-3
-3
-3
-4
-3
-3
-2
9.39518529172177
-2
-1
-4
-2
-3
-3
-3
-2
3.608262313463756
-4
-2
-2
-4
-4
-2
10.108564348041165
-2
-2
-4
-3
-2
-2
-2
-4
-2
-4
-2
-2
-2
-4
-1
-3
-4
-2
-3
9.830914993969023
6.018151275135004
-3
-1
-2
-1
-2
-2
-4
-3
-1
-2
-4
8.344191744109237
-2
-4
-3
-4
-2
-2
-4
-1
-3
-3
-2
-4
-2
-4
1.4030438200376931
-2
-2
-3
-2
-2
-2
-2
-2
-2
-2
-2
-4
-2
-3
-2
-2
-2
-2
-2
-3
-4
-3
-3
-3
-2
-2
-4
-1
8.136990283337356
-2
-4
-4
-4
-4
-2
-3
-2
5.721664862081829
-3
-1
-3
-3
3.109444937044012
-2
-2
-2
-4
-3
-3
-2
-2
-1
-2
-3
-2
-4
-2
-2
-2
-1
-4
-1
-1
-4
-2
-4
-4
-2
-3
-2
-2
-2
-4
-3
-3
-4
-3
-2
-4
-1
-2
-2
-2
-4
-3
-3
5.22297313003158
-1
-2
-3
-2
-3
-2
-4
-1
-4
-2
-2
-2
-2
-2
-4
-2
-2
-3
-4
-2
-2
-2
-2
-1
-2
-4
-2
-2
-1
-4
-4
-2
-2
-3
-2
-2
-3
-3
-2
-2
-3
-1
-3
-4
-3
-2
-1
1.8212272072057658
-4
-4
-4
-2
-1
-4
3.8978927714487757
-2
4.3650830648958525
-1
-3
3.391642157943144
-2
-3
-2
-4
-4
-2
-4
-3
-4
-4
-2
-3
10.302083212988041
-1
-3
-2
-2
-4
-2
-4
-4
-2
-1
-3
-2
-4
-2
5.920653603586706
-2
-2
-3
2.57039027518384
-2
-4
9.89385382602364
9.141533514058134
-2
-3
-4
-2
-2
-2
-4
-2
-3
-2
-2
-1
-3
-3
-3
-4
-1
-4
-4
6.865486103165701
-2
-4
-4
-2
-2
-4
-4
-2
-1
-4
-2
-3
8.536036037377514
-2
-3
-3
-2
-4
-2
-2
-3
-2
-4
-2
-2
-2
-1
-2
-2
-2
-2
-1
-3
-3
-4
-1
-2
-4
-3
-3
-4
-2
-2
-4
-4
-4
-2
10.183419635212156
-1
-2
-3
-3
-2
-2
-3
-3
-4
-3
-3
-4
-3
-4
-2
-1
-3
-2
-2
-4
-4
-2
-1
-4
-4
-4
-4
-2
-4
-3
-4
-4
-2
-3
-2
-2
-1
-2
-2
-2
-3
-2
-3
-1
-2
-2
-2
-4
-4
-2
-3
-4
7.084041245121558
-1
-2
-2
-4
-4
-4
-4
-2
-2
-2
-2
-2
-4
-2
-2
9.552307072825021
-1
-3
9.694935850144246
-4
-2
-2
-4
7.572624830246136
-2
-3
-2
-2
-2
-4
-4
-4
-2
-2
2070002931211
-2
-2
-2
-2
-2
-2
-4
-2
-3
-3
-3
-1
-3
-2
-4
-4
-2
-2
-2
-3
-4
-2
-2
-4
-2
-2
-4
-3
-3
6.385043877688343
-2
-1
-2
-2
-2
-2
-4
4.391452518882257
-2
-3
-3
4.525362627176756
-2
-3
5.059926642345827
-3
-3
8.216991209609754
-3
-4
-2
-2
-4
-2
-2
-3
-2
-4
-2
-4
-3
-1
-4
-2
-2
-2
-2
-3
-2
-2
-4
-4
-4
-4
-4
-4
-1
-4
-4
-3
-2
-2
-4
-2
-2
-4
-3
-3
-2
-3
-2
-2
-3
-2
-2
-2
-1
-4
-2
-4
-2
-2
-2
-2
7.126546903994665
9.957073000674038
-4
9.500764961857582
-2
-2
-4
-3
-3
-2
-3
2199092482415
-2
7.610380128269789
-3
-2
-2
-2
-2
-2
-2
-1
9.38301021405364
-2
-2
-4
-4
-2
-2
-4
6.372958319474071
-3
-2
-2
-3
-3
-2
-3
-2
-3
-3
-1
-3
-2
-2
-3
7.019863521070283
-2
-1
-2
-2
-4
-4
-4
-2
-4
-4
-2
-2
-2
-2
-2
-3
-4
-4
9.454718204054357
-3
-4
-3
-2
-2
-3
-2
-2
-4
-2
-2
-4
-2
-2
-2
-2
-2
-2
-1
-4
-2
-4
-2
-3
9.643608484942439
-2
-2
9.24076421959318
-3
-3
-2
-3
-3
-2
-3
-2
-2
5.498687198094871
-2
5.322182132170099
-2
-4
-3
-2
-4
-2
-2
-2
-3
9.839366191035639
4.389526263952241
-2
-3
-2
-2
-3
-3
-2
-3
-4
-2
-2
-1
-2
-2
-3
-3
-2
-4
-3
-2
-4
-2
10.56958792588509
-2
-4
-2
-4
-3
-3
-4
-2
-4
-3
-3
-3
-2
-2
-4
-2
-3
-3
6.563735875971286
-2
-3
-4
-3
-2
-4
-4
7.235746550478941
-4
-2
-4
-2
-2
-2
-2
-2
-3
-2
-2
-2
9.853484005277956
-2
6.798674800207667
-3
6.461004010369576
-2
-3
-3
-4
-2
-1
7.735588896666124
6.910671156363074
-4
-2
-4
-2
-3
-2
-2
-3
-1
-4
-2
-2
-4
-4
439538144031
-4
-3
-2
-2
3.4715983165978326
-4
-2
-2
-2
-2
8.03259500988465
-1
-2
-3
-2
-2
-3
-3
-4
-4
-2
-2
-2
-2
-2
-2
-2
-4
-1
-4
-4
-3
-2
-2
-2
-3
-3
-1
-2
-2
-3
7.455069396612998
-3
-3
-3
-2
-3
-3
-1
6.32942845025528
-3
-2
-2
-4
-3
-2
-2
-3
-2
-4
-4
-2
-2
-4
-2
-2
-4
-3
-2
-4
-2
-2
-2
-4
-4
-3
-3
-3
-4
-3
-4
-2
-2
-2
-4
-2
-2
-4
-2
-4
9.286375716686903
-2
-4
-3
-2
-1
-4
7.669126188428272
-1
-2
3.4670367430160525
-3
-4
-4
-4
-2
-2
-2
-4
1.73091357038862
-3
-3
-3
-2
-3
-4
-2
-2
-3
-3
-1
-2
2.229944057657673
-1
6.948162296632008
-2
-2
-4
-2
-2
-2
-2
-2
-2
-3
-4
-4
-2
-4
-1
-4
-4
-3
-2
-2
-2
-4
-4
-4
-2
-4
-2
-2
-4
1.1917615846419567
-4
-2
-4
-4
-3
-2
-2
-2
-3
-4
-4
-2
7.653613701052894
-4
-3
-1
-4
-4
-2
-4
-2
-4
-2
-4
9.946963072644708
-2
-3
-3
-1
-4
7.308557366793467
-3
-2
-2
-4
-2
-4
-4
-2
-2
-2
-3
-2
-2
-2
-2
-4
-3
-4
-1
-3
-2
-2
-2
-4
-2
-4
-1
-2
-3
-2
-2
-2
-4
-2
-2
-4
-2
-2
-3
-4
-2
-3
-3
-2
-2
-3
-2
-4
-2
-3
-1
-4
-4
-4
-3
-4
-3
-2
-2
-1
-2
-3
-4
-1
-2
-2
4.52000905950514
-2
-2
-2
-3
-2
-3
-2
-2
-4
9.028996168926485
-2
-4
-4
-3
-2
-3
-2
-4
-2
-3
-4
-2
-2
-2
-4
-2
-2
-2
10.155543903646683
-2
-4
-3
-2
9.3006755572801
-2
-3
-3
-2
-4
-3
-3
-4
-4
-3
-4
-3
-2
-3
-2
-2
-4
3.5693341875516413
-4
-3
-2
-2
-3
-2
-1
-4
-2
-2
4.877076131222404
-4
-2
-1
-4
-4
5.635222371003671
-2
-2
-2
-4
-2
-3
-2
-2
-2
-4
-3
8.66466500929104
4.620446852653471
-2
-3
-2
-2
-2
-3
-4
-1
-3
-2
8.180603200911605
-2
-2
-4
-2
-2
-2
-2
-3
-2
-1
-3
-3
-2
-4
-3
-2
-3
-2
-4
-2
-2
-2
-3
-4
-2
-3
-2
-2
-1
4.645895899285508
-2
-2
-4
-3
7.9935185751952424
-4
-2
-3
-3
-2
-4
-1
5.151336881212812
-3
-4
-2
-4
-4
-1
-2
-2
-2
-2
-1
-3
-4
-2
-2
-2
-2
-2
-1
-2
9.898220512474927
-2
-2
-3
-2
-2
-3
-2
-3
-4
9.045838936096395
-1
-2
-3
-3
-3
-3
-4
-3
-2
10.479638190582964
-3
-4
9.874749165650925
-2
-2
-4
-3
-2
-3
-2
-3
-2
-2
-4
8.639335535199121
-4
-2
-4
-2
-2
-2
-4
-1
8.24424175493542
-2
-3
-4
-1
-2
-3
-2
-2
-2
-4
-3
-3
-3
9.763772666857315
-4
-3
-4
-2
-2
-2
-2
-4
0.3078651163198822
-3
-4
-2
-4
-2
-2
-2
-1
-3
-2
-2
-2
5.19298170412841
-2
-2
-3
-2
-2
-3
7.5073831811984295
-2
-4
-4
-2
-2
-2
-2
-2
-2
-3
-2
-2
-1
-2
-2
-3
-2
-4
-3
-4
-4
-2
-3
-4
-2
-2
-4
-4
-2
3.860680577987088
-4
-3
-2
-3
-2
-4
-3
-2
-3
-4
-3
-2
-2
-2
-2
-3
-2
-4
-3
-2
-4
-2
-1
-2
-2
-4
-4
-2
-2
-2
-3
-1
-4
-4
-1
-4
-4
-2
-2
-2
-4
-2
-3
-2
-2
-2
-2
-2
-2
-3
-2
-4
-2
-2
-2
-2
-2
-2
-4
-2
-2
-2
-3
7.989840926206751
-2
-2
-3
-3
-3
-2
-4
-3
-2
-3
-2
-2
-4
-4
-1
-2
-3
-2
-4
-3
-4
-4
-4
-2
-2
-2
-2
-2
-2
-3
-2
-2
-2
-4
-2
-3
-3
-4
-2
-1
-3
-2
-4
-2
-3
-4
-4
-3
-2
9.641314928815783
-4
-4
-2
-1
-2
-4
-1
-2
-3
-2
-4
-4
-4
-2
-3
-2
-3
-3
-2
-4
-4
-2
-2
9.684608325827911
-2
-4
-2
-4
-2
-4
-2
7.235322861809456
-2
-1
-2
-2
-4
-4
-3
-2
-3
-4
-2
-2
-3
-2
-2
-1
-3
9.4540079123026
9.096913216298914
-2
7.954451050276505
-2
-2
-4
-2
-4
-4
-2
-2
-2
10.21190095853005
-2
-2
-2
-2
-1
-1
-4
-2
-3
-4
-3
-2
-4
-3
-4
-3
-4
-2
-2
-4
-3
-2
-4
-4
-2
-3
-3
9.459014439841669
-2
-4
6.678691365031968
-2
-4
-3
-4
-4
-3
-2
-1
-1
-4
-2
8.106792763291224
-2
-2
-1
-4
-2
-2
-3
-3
-2
-3
-2
-3
-2
-4
-4
-3
-2
-2
-2
-3
-2
-1
-3
-2
-2
-3
-2
-2
-2
-1
-1
-4
-3
-1
-3
-4
-4
-2
-2
-4
-2
-2
-2
-2
-3
-2
-2
-2
-3
-2
-2
-2
-4
-1
-3
-2
-2
-3
6.727775376137819
-2
9.23146796422113
-2
-3
-3
-1
-1
-2
-2
-3
-3
-4
-2
-3
-2
-1
-2
-2
-2
-2
-3
9.009694054269179
-4
-4
-1
9.183539864680087
-1
-4
-2
-3
-4
-2
-4
-3
-4
6.02160450445372
-2
-4
-2
-3
-2
-1
77598052562757
-4
-1
-2
-4
-4
-3
-2
-3
-4
-2
-3
-3
-2
-2
-2
-1
-3
-3
-2
-2
-4
-3
-4
-3
-4
-1
-2
-2
-1
7.864508812531623
-2
-4
-2
-3
-2
-2
-3
-2
-4
-2
-1
-3
-4
-2
-4
-2
-4
-4
-2
-3
-2
-3
-2
-4
-2
-2
-4
-1
-4
-3
-2
-4
-1
-4
-2
-3
-3
-2
-2
5.341674448479541
-4
-2
-4
-4
-2
-2
-3
-1
-4
-2
-2
-3
-2
-2
-4
-3
-3
-2
-2
-3
-2
-4
-4
-2
-2
-1
-2
-2
-2
-2
-3
-3
-3
-3
-2
8.820547219994728
-2
-2
-2
-4
-2
-4
-3
-4
-1
-2
-4
-1
-4
-2
-4
-2
-4
-2
-4
-4
-4
-3
-1
-2
-3
6.145855871470328
-3
-3
-4
-2
-3
-1
-2
8.03470897066122
-2
4.993730110774738
-2
-3
-4
-2
-3
-4
-3
-3
-2
3.8141930914867803
-2
-1
-3
-2
-2
-1
-2
-2
-2
-3
-2
-3
-1
-4
-2
-3
-4
-2
-4
-2
-2
-3
-4
-2
-2
9.551788678182605
-2
-3
-2
-3
-4
-3
-2
-4
6.531769531310628
-3
-3
-2
-3
-2
-3
-3
-2
-4
-4
-2
-2
-2
-2
-2
-2
-2
-2
-2
-3
-4
-4
-2
-2
-4
-3
10.28457739319151
-3
-2
-3
-4
-3
-4
-2
-4
-4
-2
-2
-2
-3
-3
-2
-2
-4
-2
-3
6.116355891611834
-2
-1
-3
-4
-2
8.909181135517827
-4
-4
-2
-2
-4
-3
-2
-3
-4
-3
-4
-4
-1
-3
-2
-3
-3
-1
-4
10.13737520625491
-4
-4
-2
-4
-4
-3
-2
-3
-2
-3
-2
-3
-2
-2
-4
-2
-2
-4
-1
-2
-2
-2
-4
-2
-4
-2
-4
-2
-3
-4
-2
-2
-2
-4
-2
-2
-2
9.153216799555803
-3
-4
-2
-4
-3
-2
-2
-2
-3
-4
-2
-2
-3
-2
-2
-4
-2
4.777019602758216
-3
-4
-2
-4
-1
-4
3.716716025643441
-1
-2
-3
-4
-2
-4
-4
-4
-1
-3
-2
-2
-4
-3
-3
-2
-4
-2
-3
-2
-4
-3
-3
-2
-4
-2
-4
-4
-1
-4
-3
-4
-2
-3
-2
-2
-3
-2
-3
-4
-2
-4
-4
-2
-3
-3
7.137340343739162
-1
-3
4.14936888550351
-4
-2
-2
-2
-2
-4
-2
5.935321831105481
-1
-2
-2
-3
8.965484717621656
-2
-2
-2
-2
-4
6.128340037225346
-4
-4
-4
6.307088390577986
-2
-2
-3
7.057474930456642
-3
-4
-1
-2
9.46135677227541
-3
4.005269125522457
-4
-2
-3
-2
-3
-2
-3
-2
-3
-2
-3
-2
-2
-2
-1
-1
-2
-2
-2
-1
-2
-3
6.203041251797307
-2
-3
-4
-3
-4
-2
-2
-1
-2
-3
-2
-2
-2
-4
-2
-2
-2
-4
-2
-2
-2
-2
-3
-1
-2
-2
-2
-2
-1
-2
-2
-1
-2
-1
-3
-2
-4
-2
8.177681635533935
-1
-4
-2
-2
-4
-2
-4
-2
-2
-3
-2
-1
-4
-2
-4
-2
-4
-1
6.115757433147984
-2
-2
-3
-2
8.854327176425205
-4
-2
-3
-2
-3
-1
-2
-4
-4
-3
8.370883081802612
-2
-3
-4
-2
-1
-2
-2
-4
-2
-4
-3
-2
-2
-2
-4
-2
-3
2.7355871325806422
-4
-2
-4
-3
-2
-4
-3
-4
6.854722028678276
-4
-4
4.049596074502057
9.622670927909049
-2
-4
-4
-4
-2
-3
-3
-2
-3
-2
-2
-2
-4
-2
-3
-2
-2
-2
-3
-2
-2
-4
-2
-3
-2
-4
-4
-3
-2
-3
-2
-4
-2
-3
-2
-3
-2
-4
-2
-3
-2
-4
-2
-4
-2
-4
-4
-4
-3
-3
-3
-2
-2
8.708631717381722
-2
-2
7.525223094845371
-3
-1
-2
-2
-4
-2
-2
-2
-4
-4
-2
4.832684715161369
-4
-4
-1
-2
-4
-4
-3
-2
-3
-4
-4
-2
-2
-4
1.914475011684032
-2
-2
-2
-3
-3
-3
-4
-4
-2
-2
-2
9.98441366374461
-2
-2
8.677397481398602
-2
-4
-4
-4
-3
-4
-3
-2
-2
-2
-2
-2
10.329586806530877
-2
-4
-2
-4
-2
-2
-2
-2
-3
-3
-3
-4
-3
-2
-4
-3
5.397317617954812
-3
-2
-2
-2
-4
-3
-2
-3
-2
-2
-2
-3
-2
-2
-2
-4
-2
-4
-4
-4
-4
-2
-2
-3
-4
-2
-2
-4
-2
3.9872521533483987
-1
-2
10.075079680270974
-2
-2
-2
-4
-2
-2
4.038902157144591
-4
-2
-4
-3
-4
-3
-4
-4
-2
-2
-3
-3
-2
-2
-2
-2
-2
-4
-4
-2
-4
-1
5.374146705620914
-2
-2
-2
-4
-2
-1
-2
-4
-3
-2
5.003742377646114
-4
-2
-2
-3
-2
-2
-4
-2
-3
-4
-2
-4
-4
-4
-3
-4
-2
-3
-3
-4
-2
-2
-4
-3
-2
-2
-2
-3
-2
-4
-4
-3
-2
-4
-4
10.274885861974255
-3
-2
-2
9.820366125137669
-2
3.9262368342803793
-2
-2
-4
-1
-2
-1
-2
-4
9.038340194963997
-2
-2
-3
-3
-3
-4
-2
-2
-2
6.763406145704719
-2
3.3972168285351927
-2
-4
-4
-4
-4
-2
-3
-2
-3
-2
-4
9.386845388727647
-2
-3
-3
-3
-4
-2
-4
-3
-2
-2
-3
-2
-3
-4
-3
-2
-3
-2
-4
-2
-2
-1
-3
-1
5.530800092299327
-3
-2
-3
-2
-2
-3
-2
-4
-2
-1
-4
-1
-1
-2
-4
-3
-2
-2
-2
-4
-3
-2
-3
-4
-1
-2
-4
9.419059719357922
-2
-2
-4
-2
-2
-4
-1
-2
-4
-4
-2
-3
-3
-3
-3
-2
-3
-4
-3
-2
-3
-3
-4
-4
-2
-3
-2
-1
-1
-4
-4
-4
7.682588029620485
-4
-1
-3
-2
-4
-2
-3
-4
-2
-1
-2
-2
-4
-2
-2
-2
-2
-3
-4
-4
-3
-4
-2
-3
-4
-3
4.816726202999915
-2
-1
-2
-3
-2
-4
-3
-2
-4
-2
-3
-2
-1
-2
-2
-3
-2
-2
-2
-1
-3
-1
-2
-2
-2
-2
-2
-2
-2
-2
-2
-2
-2
-2
-1
-2
-2
-4
-2
-3
-4
-2
-4
-2
-1
-4
-3
-2
8.364536499494063
-3
-2
-2
-1
-4
-4
4.972809959422916
-2
-2
-2
-3
-2
8.48483222848926
-4
-3
-2
-1
-2
-4
-4
8.746613722236914
-1
-2
-3
-4
-4
-3
-4
-4
-2
-2
-3
-2
-3
-2
-3
-4
-2
-2
-1
-4
-4
-2
-3
-3
-4
-2
-2
-2
-2
9.379175575357296
-4
-2
-4
-2
-3
-4
-1
-3
-3
-1
-4
-1
-2
-2
-3
-2
-4
-4
-1
-3
-3
-2
-2
-4
-2
-2
-1
-2
-4
-2
-1
-2
-2
-3
-3
8.976821461128324
-4
-3
-3
-1
-4
-2
-2
-3
-4
-2
-2
8.45365853865877
-2
-3
-3
-2
-3
-2
-2
-3
-4
-2
-3
-2
-2
-4
-4
-2
-2
-2
-3
-2
-1
-2
-2
-2
-2
4.896408087038072
3.5073505475623694
-4
-3
-2
-2
-2
-3
-3
-3
-4
-3
-1
-4
-2
-2
-2
-2
-4
-2
-3
-4
-2
-2
-4
-4
-2
-3
-2
-3
-4
-4
-2
-3
-4
-2
-2
-3
-2
-3
-4
-3
-4
-4
-2
-2
-4
-1
-2
-4
-4
-2
-4
-2
-3
-2
-3
-4
9.071089510497076
-2
-2
-2
-2
-4
-1
-2
-3
-1
-2
4.494018907258583
-2
-2
-2
-1
-2
-3
-2
-3
7.155326845291976
-4
-1
-3
-2
-3
-1
-2
-1
-4
-4
9.005139872936047
-2
-4
7.939561168364442
-2
-2
-3
-2
-4
-3
-2
-1
-3
-2
-4
-2
-4
-1
-3
-2
-4
-2
-2
-2
-4
-4
-2
-4
-3
-2
-2
-2
-2
-2
7.4947486282426805
-4
-2
-2
-2
-4
-2
-4
-2
-2
-2
-2
-2
-2
-3
-2
10.32002820682275
-3
-4
-4
-3
-2
-2
-3
-3
-2
-1
6.443863379524172
-2
-2
-2
-2
-2
-2
-4
-3
-1
-4
-4
-2
-3
-4
-4
-2
7.4379848128479065
-2
6.807081159001621
-3
-3
-4
-4
-2
-2
-3
-3
-1
-3
-4
-2
-3
-2
-2
-3
-2
-2
-2
-2
-3
-3
-2
9.017768110003095
-2
-2
-2
-3
-4
-3
-2
-4
-3
-1
-1
-4
-3
-3
-1
-4
-1
-2
-3
-2
-2
-3
-2
-4
-1
-2
-2
-1
-4
-3
-2
-2
-3
-2
-4
-2
-3
-2
-2
-3
-2
-1
-4
-3
-4
-4
-3
-1
-2
-3
-2
-1
-2
-3
9.680984164591228
-4
-2
-2
-4
-1
-2
-2
-4
-2
-2
-2
-4
-2
-2
-2
-4
-2
-4
-4
-2
-4
4.212986155086787
-2
-2
-4
-4
-1
-1
-2
-4
-3
-3
-2
-2
-2
-4
-2
-2
-2
4.7352750283852085
7.525618621185288
-3
-4
-3
-3
-2
-4
-2
-2
-4
-2
5.540880449626881
-1
2.2690165611618536
-3
-2
-4
-2
-1
-3
-1
-2
-3
-2
-3
-4
-3
-2
-2
-1
-4
-2
-3
-2
-3
-3
-2
-3
-2
-2
-2
-2
-2
-2
-3
-2
-2
-2
-1
-2
-2
-2
-3
-3
4.218398056191427
-2
-3
-2
-2
-2
-2
-2
-3
-2
-2
-2
-4
-3
-2
-4
-3
-3
-2
-2
-2
-3
-2
-2
-4
-2
-3
-4
-3
-4
-4
-2
-4
-2
-3
-2
7.476905137307698
-4
-4
-4
-2
-2
-2
-3
-3
-3
-4
-3
-4
-1
-3
-2
-2
-2
-4
-4
-3
-2
-2
-3
-3
-3
-4
-3
-2
-4
-2
-3
-2
-2
-1
-2
2.819317280779444
-3
-2
-2
-3
-2
-2
4.315864351334023
-3
-2
-4
-4
-2
-2
-2
10.348890807564272
-2
-3
-3
-3
-2
9.904675574353549
-2
-2
-2
-2
-3
-4
-2
-2
-1
-2
5.6497007418756535
-4
-2
-3
-2
-2
-4
-3
-2
-3
-1
-4
5.987618267272305
-2
-4
-2
-4
-4
-3
-2
8.844255449673168
-3
9.924253179539038
-2
-3
2.6965613928312075
-3
-2
-4
9.003523228535379
-3
-4
-3
-2
-2
-2
-2
-4
-1
9.157976431011617
-3
-3
-2
-3
-2
-2
-3
-4
-4
-4
-3
-2
-2
9.745916880205183
-4
-3
-3
-4
-2
-2
-3
-4
-3
-3
10.053485310314937
-3
-2
-2
-4
8.245360350234085
-1
-4
-2
-2
-4
-4
-2
-4
-1
-4
-2
-2
-2
-2
-3
-3
-2
-1
-4
-1
-3
-4
-3
-3
-4
-2
-4
-2
-2
-2
-2
-4
-4
-4
2.825345066212864
-4
-4
-1
-1
-3
-1
-2
-3
-3
-4
-4
-2
-2
-2
-4
-3
-4
-3
-4
-3
-2
-2
-3
-3
-2
-1
-3
-4
-3
-4
-2
-4
9.566250202888995
-4
-1
-4
-2
-2
-4
-2
-2
-2
2.7017089437608917
-1
-4
-2
-4
-2
-4
-4
-1
-3
-4
-4
-2
-4
-2
-3
-2
-4
-2
-4
-2
-4
-3
-3
-3
-2
-2
-3
-2
-2
-2
-3
-3
-4
-3
-4
10.42793057832573
-2
-1
-4
-3
-4
-3
-1
-3
-3
-2
-2
-2
-1
-4
-4
-2
-2
-3
-2
-4
-2
-2
-1
-2
-2
-2
-3
-4
-2
-1
-3
-4
-4
-4
10.449337576332073
-1
-4
-2
-2
-4
-3
-4
-2
8.648638509388693
-4
-2
-2
-4
-3
-4
-2
-2
-3
-4
-4
-3
-3
-4
-4
-2
-1
-4
-4
6.675720671413545
-2
-2
-2
-4
-1
-2
-2
-2
-4
-3
-3
-4
-3
-2
-2
-4
-2
-3
-2
10.519628092101133
-4
-4
-2
-3
-2
-3
-2
8.398083162603152
-3
-4
-3
-3
-2
-2
-2
-1
-2
-4
-4
3.7920998078963724
-3
-2
-3
-4
9.158916426024078
-3
7.013989879136281
-3
-4
-4
-4
-2
-2
-2
-4
-2
-2
-2
-2
-4
-2
2.8232761769425148
-1
-3
-2
-2
-2
5.033871253241545
-3
-1
8.893779397188787
-2
-1
-4
-3
-4
-2
-4
-3
-3
-4
-4
-2
-2
-2
-3
-3
-3
-2
0.21813660715173633
-3
-3
-3
-2
-4
-2
-4
-1
-2
-4
-1
-2
-3
-4
-4
-2
-3
6.143245066572794
-4
-2
-4
-1
-3
-4
-2
-2
-4
-2
-1
-4
6.804866849710907
-4
-3
8.400445493568043
-1
-3
-2
-2
-4
-1
-2
-2
-3
-4
-4
-3
-2
-3
-2
-2
-2
-4
-2
-2
-3
-2
-4
-2
8.399370581845593
-2
-4
-2
-3
7.1147692295423735
-4
-3
-2
-4
-3
-4
-2
-3
-2
-3
-2
-2
-4
-2
-3
-2
-2
-4
-1
-3
-1
-1
-2
-1
-3
-2
-3
-3
-3
-2
-2
-2
-3
-3
-2
-2
-2
-4
-1
-1
-2
-2
-2
-2
-4
-2
-2
-4
-2
-3
-3
-3
-4
-2
-2
-2
-4
-3
-4
-3
-4
-3
-4
-3
-3
-2
-2
-2
-1
-2
-3
-2
-2
-4
-4
-3
-3
-2
-4
-1
-2
-1
-3
-2
-2
-2
-2
-3
-4
-2
-2
-4
-2
-3
-3
-4
-2
-3
-3
8.109304897826927
-1
-4
10.371527269096054
-3
-2
-1
-2
-3
-2
-4
-1
-2
-2
-3
-2
-2
-2
-4
-4
-3
-2
-3
-4
-2
-2
-3
7.893948609387158
-3
-1
-2
-2
-4
-2
-3
7.659416923840897
-2
-4
-4
-1
-3
-4
-2
-3
-2
-3
-3
-2
-4
-1
-3
-2
-1
-3
-2
-1
9.668150437220689
2.7685220558772397
-2
8.73856392385892
-2
-4
-2
-4
-4
-3
-2
-4
-1
-2
-4
-4
-2
-4
-4
-2
-2
-2
-4
-4
-2
-2
9.40602582083586
-4
-1
-4
-2
-4
-2
-2
-2
-4
-2
-3
-4
-2
-4
-3
-2
-4
-2
-4
-2
-2
10.241265643539789
-3
-1
-3
-4
-2
-2
-2
-2
-2
-2
-4
-2
-2
-2
-1
-2
-3
-4
-4
-2
-3
-3
-4
-1
-2
-2
-2
-4
-2
-1
-2
-3
-4
-3
-4
-2
-2
-2
-4
-3
3.204637283053648
-4
-2
-2
-2
-2
-2
-3
3.7555745819427475
-2
-4
-2
-2
6.693110584815967
-3
-2
-3
7.846404646042837
-2
-2
-4
-2
-3
-1
-3
-2
-4
-3
-1
-2
-4
-1
-2
-2
-2
10.307536242134159
-2
-3
-4
-2
-3
-2
-2
-2
-2
-3
-3
-3
-4
-4
-2
-2
-4
-2
-2
-2
-2
-2
-3
-2
-2
-4
-2
-2
-2
-4
-4
-4
-2
-2
-2
-2
6.44911700617042
-3
10.192029237615742
-2
-2
-3
-2
-2
-1
-2
-3
-3
-3
-4
-3
-2
-4
-3
-3
-2
-3
-3
-2
-3
-2
-3
-2
9.934038298598882
-1
2.731723279141005
-2
-4
6.881717665792507
-3
-4
-4
-2
-2
5.982442534942191
-2
-4
-2
5.941165122985135
-2
10.405872202438546
-2
-2
-2
-4
-3
-2
-2
-2
-2
-3
-4
-4
-3
-3
5.140323945924214
-2
-3
-2
-4
-4
-2
-4
-2
-3
-1
-2
-2
-3
-2
-4
-4
-2
-4
-2
-3
-2
-1
-1
5.641614749166644
-4
-4
-1
-3
-2
-2
5.686121454464555
-3
-2
-4
-2
-3
-2
-4
-2
-2
-2
-2
-4
-2
-2
-2
-2
-2
-4
-3
-4
-3
-4
-1
-1
-2
-2
-2
-2
-3
-2
-2
-2
-2
-4
-1
-4
-1
-2
-4
4.0232559215619315
-2
-2
-4
-1
-3
-3
-2
-3
-3
-3
-2
-2
-4
-1
-1
-4
-4
-3
6.113320547829476
-2
-3
-3
-4
-3
-2
-3
-3
-2
-4
-2
-2
-2
-4
-1
-2
-2
-2
4.916481544063677
-2
-4
-2
-3
-2
-2
-3
-3
-2
-2
-2
-4
-3
-4
-2
-3
-4
-4
-2
-2
-3
-2
-4
-2
-3
-4
-2
-4
-4
-3
-2
-4
-2
-4
-4
-4
-3
-2
-2
-1
-2
-1
-3
-3
-2
-2
-4
-1
-2
-2
-4
5.371418572840479
-2
-2
-3
-4
-2
-2
-2
-2
-4
-4
-3
-4
-2
-3
6.395919366832622
-2
-2
-2
-3
-3
-4
6.218139453463589
-2
-4
-4
-4
-3
-4
-4
4.184859911668186
-4
-2
-2
-2
-2
-4
-2
3.069637392513732
-4
-4
-2
-4
-3
-2
3.789377448687471
-4
-3
-3
-2
1.6603397092656973
-2
-4
-4
3.783940550284079
-3
-2
-2
-2
-3
-2
-4
-2
-2
-4
-2
-4
-3
-2
-4
-3
-4
-4
-4
-3
-1
-2
-2
-2
-4
-1
-4
-2
-2
-2
6.376869786960636
-3
-2
-4
-4
-2
-3
-3
-2
-2
-3
-2
-4
-2
-2
-3
-4
-2
-4
-2
-3
-3
-3
-2
-4
-2
-4
-3
-3
-2
-2
-4
-4
-3
-1
-3
-1
-4
-2
8.31934017287888
-4
5.7380505432817746
-4
-4
6.743774438825913
-4
-4
-3
-2
-3
-3
-3
-3
-4
-4
-4
-4
-4
-4
-2
-1
-2
-2
-2
-4
-4
-2
-2
-2
10.512968527285846
-3
6.627973838668288
-4
-4
-3
-2
-2
-4
-4
4.2460432495853215
5.288439628221143
-3
-2
-3
-4
-4
-2
-4
-2
-2
-4
-3
-2
-2
-3
-4
-1
-2
9.930501731600328
-2
-3
6.513916163013128
-1
-2
-3
-2
-3
-2
-3
-2
-2
-1
-2
-3
-2
-3
-2
-2
-2
-4
-4
-2
-2
-4
-4
-4
-4
-1
-2
-2
-4
-2
-4
-3
-2
-2
-2
-2
-2
-2
5.157869276353599
-2
-3
-2
-4
-2
-3
-3
7.57966147240521
-2
-3
-2
-2
4.011408581342785
-2
-2
-3
-4
5.152636325392619
-2
-4
-3
-2
-3
-4
-4
-2
-2
-2
-2
-4
-2
-2
-2
-2
-2
-4
5.770852038307211
-2
-3
-2
-2
-4
-4
5.789017953583523
-2
-4
-2
9.49755818423218
-1
-1
-4
-4
-2
-0.2374810935373164
-3
7.900312305704384
-2
-3
-2
-2
-3
-2
9.090527867998132
-1
-3
-2
-2
-4
-2
-1
-1
-2
-3
-2
-2
9.848988662302718
-4
-4
-4
-3
-3
-3
-2
-4
-4
-2
-3
-3
-2
9.470748537573419
-4
-2
5.50940285984772
-4
-4
-3
-2
-4
-2
-3
-3
-2
-4
-4
-4
-1
-2
-2
-1
-3
-2
-2
-3
-2
-4
-4
-3
-3
-2
-4
-2
-1
-3
-4
-3
9.797743384672655
-2
-3
-3
-2
-3
-4
-2
-3
-2
-2
-3
-1
-2
-3
-2
-4
-4
-2
-2
-3
-2
-2
-3
-3
6.30275424262995
-1
-4
-2
-3
-3
-4
-2
-4
-2
-1
-3
-4
2.260327189584533
-1
-4
-4
-4
-4
5.653081836628912
-2
-2
-4
-3
-4
-3
-3
-2
-3
-3
-2
-4
-2
-2
-3
-2
-2
5.537376168639531
-3
-4
-2
-2
-3
8.286787628933274
-4
-4
-4
-2
-3
-3
-2
-2
9.92229257861589
-2
-4
-4
-2
-4
-2
-2
-3
-2
-4
-3
-2
-4
-4
-2
5.3297081012204615
-4
-2
-2
-2
-3
2.99695375237604
-2
-4
-2
7.46220476556528
5.742344102391053
-4
-4
10.032507039637952
-2
-3
-2
-2
-2
-3
-2
-2
-4
-2
-2
-2
-3
-2
-3
-3
-2
-4
-2
-2
-4
-3
-2
-4
8.68434515628022
-2
-2
-2
-3
6.16548607879324
-1
-1
-4
-4
-2
-2
-2
-2
-1
-2
-2
-3
-2
-4
-2
7.924756916312548
-2
-2
-2
-2
-4
-2
-3
-4
-2
-4
-4
-1
-4
-3
-3
-2
-2
-2
-2
-3
-2
-4
-2
-2
-1
-3
-3
-4
-4
-2
-3
-3
-2
-3
-3
-2
-3
-3
-2
-3
4.247096544395957
-3
-2
-3
-3
-4
-3
-1
-4
3.9240439478702474
4.878554664930341
-3
-4
-2
10.286258389953504
-4
-3
-3
-1
-4
-2
-4
-3
-2
-3
-4
-2
-2
-2
-3
-3
-1
-1
-1
-1
-3
-4
-3
-4
5.654014868165495
-2
-3
-4
-1
-2
-3
-2
-2
-4
-2
-1
-2
-1
-3
6.645636570322834
-3
5.384868463559137
-3
-3
-4
-2
-4
-1
-1
-2
-4
-4
-2
-3
-2
-4
-2
-2
-2
-2
-4
-2
-2
-2
-2
-3
-4
-2
-3
-2
-2
-2
3.7246106418129585
-2
-2
-2
-4
-4
-2
-3
6.5953656459521905
-2
-2
-3
1.3992377585022266
-4
-2
-2
-2
-2
-1
-3
-2
-2
-4
-4
-2
2.9669137658706743
-3
-3
-3
-3
-4
-4
5.66453560795623
-2
-2
-4
-4
-2
8.398122874939842
-4
-4
9.04824670778444
-2
-4
-3
-4
-4
-2
-2
-3
-1
-1
-4
-4
-4
-3
4.115543779286391
-1
-2
-2
-3
-2
-3
-4
-3
6.812099981604293
-3
-2
-4
-2
-2
-2
-2
7.1387611456554545
-3
-2
-4
-3
10.260372313832631
-4
-3
-2
-3
-2
-2
-4
-4
-3
-3
-2
-4
-2
-3
-3
-4
-4
-4
-2
-2
-2
-4
-2
-2
-4
-2
-1
-4
-2
-2
5.518824919570591
-2
-3
-2
-1
-2
-3
-3
-3
10.556841867010439
-2
8.059867045784408
-3
-2
-2
-3
-2
-2
-2
-2
-4
9.652374213018547
-2
-3
-2
-4
-4
-2
-2
-2
-3
-2
-4
-3
-3
-1
-2
-3
-3
-2
-3
-3
-4
-2
-3
-3
-2
-2
-1
-3
-2
-2
-4
-2
-3
-2
-2
9.05161217069297
-2
-4
-2
-2
-3
-2
-2
-2
-3
8.125386873772038
-4
-3
8.38434497749742
-2
-1
-3
-2
3.5686276576630593
-2
-2
-2
-3
-3
-2
-4
-4
-4
-3
-4
-3
-4
-2
-2
-1
-2
-4
-2
-2
-2
-3
-3
-3
-3
-2
-4
3.6469732357040137
9.302749043165685
-2
-2
3.7679595978108793
-4
-2
-2
-2
-2
-3
-3
-2
-4
-2
-2
-2
9.719099807330362
-2
-2
-4
9.834682672152054
-2
-3
-4
-2
-4
-3
-4
-4
-3
-4
-2
-2
-2
-4
-3
-1
-4
-2
-3
-3
-3
-3
-3
-1
-1
-1
-2
-2
-3
-2
-2
-1
-4
-2
-4
-2
-2
-4
-2
-3
-2
-2
-4
-2
-3
-2
-3
-3
-2
-2
-2
-1
-2
-3
-4
-3
-4
-4
-3
-2
-4
-3
-4
-2
-4
-2
-2
-2
10.11895214467361
-2
-4
-2
-2
-2
-4
-2
-1
7.060913440763363
-4
-2
-4
-2
-3
-2
-2
-2
-2
-2
-4
-3
-2
-1
-3
-2
-4
-4
-4
-3
-3
-4
-3
-4
-2
-2
-3
6.257213485363813
-3
-4
-3
-1
-3
-3
-2
-2
-2
-3
-2
-2
-2
-3
-3
-2
-4
-3
-2
-2
-3
-2
-1
-4
-2
-2
-1
-3
-3
-2
-1
-3
-4
7.076416564641104
-4
5.190965125226116
-2
-3
-2
-4
-2
-4
8.451749174775538
-4
-3
5.751869295477219
-4
-3
5.2334370997748
-4
-2
-2
-4
-4
-2
-2
-4
-2
-2
-3
-4
-4
5.515758419013583
-4
-2
-3
-2
-2
-4
-2
-4
-3
-2
-4
-2
3748653653186
-4
-2
-2
-3
-2
-2
-4
-3
-3
3.585047100850397
-2
-2
-4
-4
-2
-2
-4
-1
-3
-4
-2
-4
5.717804756477932
-4
-4
-2
-3
-3
-3
-2
-4
0.6311352663797463
-2
-4
-3
-4
-1
-3
-2
-1
-3
-4
-1
-3
-2
-2
-2
-2
-2
-3
-4
-4
-4
-4
-2
-4
-2
-2
-2
-2
-3
-2
-3
-4
-2
-3
8.373512974743662
-2
-2
-3
-1
-2
-2
-2
-1
-4
-3
-2
-4
-2
-4
-4
-1
-2
-2
-2
-2
-1
4.470970322364936
-2
-2
-3
-3
-4
-4
-4
-4
-3
-2
-2
-2
-4
-2
-3
-4
-3
-2
-4
-1
-4
-2
-1
-2
-4
-4
-2
-4
-2
-2
-3
4.92840375343132
-1
-3
-2
-2
-2
-2
-4
-1
-3
-3
-1
-2
-3
-2
-2
-4
-1
-4
-2
-4
-2
-4
-4
4.619830774138025
-2
-4
-2
-4
-3
-1
-2
-2
-2
-4
-2
-4
-2
-3
-4
-4
-2
5.200078225169092
-3
-4
-2
-1
-3
-2
-1
-4
-3
2.8388488969573107
-2
-2
-2
-2
-3
-2
-3
-4
-3
-2
-2
-2
-4
-3
-3
-3
-4
-3
-2
-3
-2
-2
-2
-3
-2
-4
-2
-3
-3
-1
-4
-4
-2
-3
-2
-4
-3
-3
-4
-3
-1
-3
-2
-1
-4
-4
-3
-2
-1
-4
-2
-4
-2
-2
-2
-3
-2
-4
-2
-2
-4
-2
-4
-2
-4
-2
3.7023125857009767
-1
-1
-3
-2
-2
-1
-4
-2
-2
-2
-4
-2
-3
-3
-1
-1
7.685219488819273
-2
-2
-4
-3
-3
-1
-3
-2
-4
-4
4.934572035277158
-2
-3
-4
-1
-2
-4
-4
-2
-3
-1
-3
-3
-3
-4
-3
-4
-2
-2
-3
-2
-4
7.045255951037751
-2
9.874127032072378
-3
-2
-2
-2
-4
-2
-3
-4
-3
-4
-2
-2
-1
-3
-2
-2
-4
-2
-1
-3
-4
-2
-4
-2
-2
-2
-2
-2
-2
-2
-2
-1
-2
-4
-2
-3
-3
-2
-2
-2
-2
-1
-2
-3
-3
-3
-3
2.349426145104095
-4
6.389868806420553
-3
-2
-2
-4
-2
-2
-2
-2
-4
-2
-3
-2
-3
-4
-2
-4
-2
-4
-2
-2
-2
-2
-2
-4
-4
-2
-1
-2
-2
-4
-4
-4
-4
-3
9.701254580575519
-3
-1
-1
-4
-4
-4
-2
-3
-2
-2
-1
-2
-3
-4
-2
-2
-3
-2
-4
-2
-2
-3
-2
-4
-4
-2
-2
-2
-4
-2
-4
-2
-2
-1
-3
-3
-3
-2
-2
-3
-2
-3
-2
-3
-3
-3
-4
-2
-3
-3
-2
-3
-4
-3
-2
-2
-4
-4
-2
-2
-2
-4
-2
-2
-2
-3
-2
6.656358204432847
-3
-3
-2
-3
-2
-4
-3
4.016261150205294
-1
-3
9.485524061154877
-3
-2
-3
-3
-2
-2
-4
-2
-2
-4
-2
-2
-2
-4
-3
-2
-3
4.3223502272178145
-2
-3
-4
-2
-4
7.749865244975123
-4
-3
-2
-2
-3
10.54788368469364
-4
-4
-3
-4
-3
-2
-4
-2
-2
-3
-2
3.2865519059334467
-1
-4
-3
-3
-1
-3
-2
-2
-2
-1
-1
-4
-4
-2
-1
-3
-2
-1
-2
-4
-2
-3
-3
-2
-3
-1
-3
-2
-4
-2
-2
-4
-2
-2
-4
-4
-3
-3
-3
-2
10.194950334064263
-2
-4
-2
-2
-2
6.64500198425266
-2
-2
-2
6.812075866801452
-3
-2
-2
-3
-1
-4
-3
-2
-2
-3
-4
-2
-1
-3
-3
-2
-2
-4
-2
-3
9.161286614799304
-2
-2
-2
-2
-4
-1
-3
-3
-2
-2
-3
-3
-2
-2
-2
-4
-3
-2
-4
-4
-4
-4
-2
-2
-2
-2
-2
-1
-4
-3
-2
-2
-2
-3
-1
-4
-4
-3
-2
-4
-2
-4
-2
-3
-2
-4
-4
-3
-1
-2
-2
-2
-2
-4
-3
-4
-1
-1
-1
-4
-4
-2
-1
5.20077081150321
-1
-2
-2
-3
-2
-3
-3
-2
-2
-4
-2
-4
8.891129899475414
-1
-2
-4
-4
-2
-3
-2
-2
-4
-2
-3
-3
-2
-4
-2
-2
-1
-4
-2
10.051478173784927
-2
-3
-4
-1
-3
6.097664077392432
8.959932707308544
-2
-2
-4
-3
-4
-2
-4
-3
-1
-4
-2
-2
-2
-2
-4
-2
-2
-2
-4
-2
-4
-2
-2
-1
-3
-4
-3
-1
-3
-4
-2
-3
-2
-2
-3
-2
-2
-3
-4
-1
-1
-4
-3
-4
-1
-3
-2
-2
-3
-2
-2
-2
-2
-2
-2
-3
-3
-4
-3
-2
-3
-2
-2
-3
-3
-4
-2
-2
-2
-2
-2
-3
-1
-3
-2
-2
-2
10.152100201624874
-4
-3
-4
-2
-3
-1
-2
-2
-3
-2
-2
-3
-4
-4
-4
-2
-3
-2
-4
-1
-2
-4
-4
-3
-2
-2
-2
-1
-3
-3
-4
-3
-4
-2
-4
-3
-1
-2
-4
-3
-4
-4
-3
-2
-2
-4
-4
-4
-3
-3
-4
-3
-2
-2
10.414988776468116
-4
7.5357365059713874
-3
-2
-4
-4
-4
-2
-2
-2
6.704424959106449
-1
-2
-2
-4
-4
-1
-2
-2
-4
-2
-2
-4
-4
-2
-3
-2
8.01824473295119
-2
6.409973222665098
-4
-3
-2
-3
-4
-4
-3
-3
-4
-2
-2
-2
-2
-2
-2
-2
-3
-1
-2
-3
-1
-2
-3
7.390737196489267
-1
-1
-2
-4
-2
6.391527923617941
-4
-2
-3
-2
-1
-2
-2
-4
-3
-3
-2
-3
-4
-4
-2
-2
-3
-2
7.618437490562323
8.226338093912277
-2
-1
-2
-2
-2
-3
-2
-2
-4
-2
-4
-2
-2
-1
-2
-2
-2
-2
-2
-3
-2
-4
-2
-3
-2
-4
-2
-4
-4
9.661839755197684
-3
-1
-4
-2
-1
-3
-4
-4
5.9251259361875
-4
-3
-4
-4
-2
9.835649616136445
-3
-3
-4
-3
8.247497073754465
-1
-2
-2
-3
-4
-2
-2
-3
-2
-2
-3
-4
-2
-1
-2
-4
-2
-1
-2
-2
-3
-2
-2
-3
-2
-3
-4
-1
5.439504812549561
-4
-4
-2
-4
-4
-2
-1
-1
-4
-2
-4
-3
-2
-2
-1
-3
-4
-2
-2
-2
-4
-2
-2
-4
-2
-2
-2
-1
-2
-2
-2
-4
-2
-2
-3
-3
9.980429623341164
-2
-4
-4
-4
3.7862383393885946
-4
-2
-4
-2
4.4173571863206895
-4
-3
-2
-4
-3
-3
-2
-3
8.678688333900535
-2
-4
-2
-4
-2
-4
-2
-3
-4
-2
8.93374413763158
-2
-3
-4
-2
-3
4.02775272487937
-2
-2
-4
-3
-4
-4
-2
-3
-3
-2
10.468136436545509
-2
-1
-4
-4
-1
8.14405153102036
-3
-2
-2
-4
7.699913404959238
-2
-4
6.233159644374995
-3
-4
-4
-4
-2
-2
-2
-2
-2
-3
-2
-2
-2
-4
-2
-3
-2
-3
-1
-2
-4
-1
-4
-4
9.208182668439331
-1
-2
-1
-2
-3
-4
-2
-4
-3
-4
-4
-4
-4
7.095541090752157
5.510960451825671
-4
-2
-3
-2
-2
-2
-3
-2
-1
7.991052731858833
-2
-2
-2
-4
-2
-3
-2
-2
-4
-1
-4
-2
10.577416297550743
-3
3.6526545035842677
-2
-3
-4
-4
-3
-3
-3
-3
-3
-4
-2
-3
-3
-4
-2
-1
-4
-2
-2
-4
-2
-4
3.003581751561459
-4
-3
-2
-4
6.657452915629243
-4
-1
-2
-2
-3
-2
-1
-4
-2
-2
-1
-3
-1
-2
-3
-4
-2
-2
-2
-3
-4
-3
-2
6.150785995308
-2
9.257403760713986
-3
-2
-2
6.6003263359853594
-2
-3
-2
-2
-2
-2
-2
-3
-4
-3
-2
-2
-4
-3
8.215563890256751
-1
10.238706674770887
-2
-2
-2
-1
-2
-2
-2
-2
-3
6.906212252983996
-4
-2
-3
-1
-4
-1
-3
-2
-3
-3
-4
-2
-3
-2
-2
-4
-3
-2
-2
-2
-2
-4
-1
-2
-3
-2
-3
-3
-3
6.228633876118694
-2
-3
-3
-2
-3
-2
-4
9.578412857094335
2.8766368367182826
-2
-3
-4
-4
-3
-3
-2
-3
-4
2.255370552315795
-2
10.4479947869419
-1
-3
-2
5.524622315818542
-2
-2
-3
-2
-2
-2
-2
-2
-2
-2
9.340765653713083
-2
-1
-4
-2
-4
-3
-3
8.46074659574038
-2
-1
-3
-2
-4
-4
-4
-2
-2
-2
-4
-3
-2
-3
-2
-1
-2
-2
-2
-4
-3
9.169176249801474
-2
-4
-3
-2
-3
-4
-2
-4
-4
-2
-2
9.247919317781486
-2
-4
-3
-2
-4
-2
-2
-2
-4
-3
-1
-4
-2
-2
-2
-4
-1
-4
-1
-3
-2
-2
-4
-4
-3
-4
-2
-4
-2
-3
-4
-4
-3
-2
-1
-4
-1
-3
-2
-2
-2
-2
-2
-3
-2
7.732535923247282
-3
-3
-2
-1
-2
-4
-4
-3
-2
-4
-4
-3
-4
-2
-1
-3
-2
-3
-3
-2
-2
-4
-3
-2
-2
-2
-2
-2
-2
-4
-2
-3
-4
-4
-4
-4
-4
-2
7.699892466295381
-3
-3
-4
-4
-4
-1
-2
-1
-4
-3
-2
-2
-2
10.495182922823297
-4
-2
-4
-2
-2
-2
-2
-2
-3
-2
-2
-3
-3
-2
-3
-3
-4
-2
-1
-2
-2
-4
-4
9.867708055801911
10.469846028335935
-1
-3
-3
7.821892466974679
-4
-3
-2
-4
-4
-4
-2
-3
-4
-3
-4
-4
-4
-2
-1
-3
-2
-2
-3
-2
-2
-3
-2
-3
-3
-3
-2
-4
-1
-2
-4
-2
-1
-3
-1
-3
8.885719797785526
-4
-3
-1
-4
-3
-2
-2
-3
-4
-2
-4
-4
-2
-2
-2
-2
-1
-4
6.725441856043636
-3
-3
-2
-2
-2
-2
5.832381401205264
-2
-3
8.121971153056583
-3
-2
-1
-4
-1
-2
-4
-4
-3
-2
-3
-2
-4
-2
3.9743783290301806
-4
-3
-2
-4
-4
-4
-1
-3
-2
7.520226569956451
-2
1486565469544
-2
-2
-2
-4
-4
-1
-3
-1
-4
-2
-2
-4
-2
-4
-2
-2
-4
-3
-4
-3
-4
-3
-4
-3
-2
-2
-2
-2
-2
-2
-1
-3
-3
-2
-3
-2
-2
-2
-3
-2
-2
-4
6.0357137685812265
-4
-4
-3
-2
-3
-3
-2
-2
-4
-2
-4
-3
-4
-2
-3
-2
-2
-4
7.941085550013664
-3
-2
-2
-4
-2
-2
-3
-2
-2
-2
-2
-1
-3
-3
-2
-3
-2
-2
-4
-4
-3
-3
-4
-3
-3
-4
-2
-2
-2
-4
-4
-4
-2
-2
-2
-1
-2
-2
-3
-3
-2
-3
-2
-3
-4
-3
9.671634677843082
-4
7.2856389935546115
-1
-4
-2
-2
-1
-4
-4
-1
-3
-2
-3
-2
-2
-2
-2
-3
-2
-3
-3
-4
-4
-3
-2
-2
-4
-3
-2
-1
-3
-4
-2
-4
-3
-2
-3
-2
-3
-2
-2
-2
-3
-2
-3
-4
-4
-3
-2
-4
-3
-3
-2
-3
-1
-2
-2
-4
-4
-4
-4
-2
-2
-4
-1
8.533755099405154
-2
-3
-1
-3
-2
-4
-2
-2
-2
-2
-2
-2
-3
-2
-2
-2
-2
-3
-4
-2
-2
-3
-2
-3
-2
-2
-4
-3
-3
-2
-2
-2
-2
-3
-3
-3
-4
-4
-3
-2
-3
-2
-2
-1
-3
-4
-1
-3
-3
-2
-4
-2
-4
-4
-1
-3
-4
-3
-3
-2
-2
-3
9.033913617424766
-1
-2
-2
-2
-2
-2
-2
-3
-2
-2
-4
-1
-2
-4
-2
-2
-4
-3
-2
-4
-2
-2
-2
-1
-2
-1
-2
-2
-4
-4
-3
-4
-1
-4
-2
-2
-2
-2
6.7893756663095
-2
-2
-1
-2
-4
-2
-1
-3
-1
6.751947025901831
-1
9.804404342983
-2
-2
-3
-4
-2
-4
-2
-1
-3
-4
-3
-2
6.420518095558036
-3
-4
-4
-3
-3
-2
-1
-2
-2
-4
-2
-2
8.543570309029366
-3
-2
-4
-3
-2
-2
-1
-4
-2
-2
-2
-2
-2
-3
-2
-4
-2
-2
-2
1.5916112891228007
5.603086136786274
-4
-2
-2
7.179702460556593
-3
-3
-2
-2
-2
-2
9.492789513227605
-4
10.319817856502306
-3
-2
-3
-2
-2
-4
-3
-2
-4
-2
-2
-4
-3
-2
-4
-2
-4
-4
-2
-1
-2
-4
-2
-2
-2
-4
-1
-4
-2
5.32996105936798
-3
-1
-2
-2
-2
-2
-2
-3
-4
-2
-2
-2
-2
5.484020421731751
-3
-4
-3
-3
-4
-2
-2
-2
-4
-4
-1
6.209289348845218
-2
-3
-4
-4
-4
-4
-3
-2
-4
-2
-1
8.572038504982253
-4
-4
-3
-4
-3
-2
-2
-2
-1
-2
9.040350387486702
-3
-4
-4
-2
-4
-2
-3
-4
-3
-2
-2
-2
-4
-2
-3
-4
-4
-2
-1
7.4705065934695885
-2
-3
-3
-3
-2
-2
-4
-2
-4
-4
2.9277314316168486
-4
-2
-2
-2
-2
-1
-3
-4
-1
-2
-2
-2
-2
-4
-3
-3
-4
-2
-4
-3
5.515826873464006
-2
-3
-2
-2
-2
-3
-4
-4
-3
-4
-3
-4
-4
-3
-4
-2
-4
-2
-2
-4
-4
-4
-2
-2
-2
-2
-2
-4
-4
-4
-2
-2
-2
-2
-3
-2
-2
-3
-2
-2
-3
6.323439920615375
-2
-4
-2
-2
-2
-2
-4
-4
-2
-4
-4
-4
-2
-4
-3
-2
-2
-2
-3
-1
-4
-2
-4
-2
-3
-2
-4
-2
-2
6.490549910117467
-2
-4
-2
-2
-3
-4
-2
-4
-2
-2
-3
-3
-3
-3
-2
-2
-4
-4
-4
-4
-1
-4
-1
-2
-2
-2
-4
-2
-2
-3
-2
-3
-1
-4
-2
-4
-4
-3
-4
-2
-2
-4
8.044863519890496
-2
-2
-2
-4
-2
-4
-4
-2
-2
-3
-4
0.3929014124744956
-2
-3
-2
-3
-3
-2
-2
-2
9.840559747317597
-2
-2
-2
-4
-4
-2
-2
-4
-3
-4
-4
-3
-2
-2
-3
-2
-3
-4
-1
9.680966435592834
-3
-3
-2
-2
4.109092721550963
9.178512402375086
-2
-2
-2
-2
-3
-3
-1
-2
-3
-3
-2
-4
-4
-2
-3
-2
-3
-2
5.637629605803294
-2
-3
-2
-4
-4
-2
-2
-2
-4
-2
-3
-2
-4
-3
-3
-2
-2
-2
-2
-4
-4
-4
-3
-4
-4
-4
-4
7.959712882612283
-4
-2
10.043297115475687
-2
-1
-3
-1
-3
-2
-3
-3
-4
-2
-3
-2
-2
-2
-3
-4
-3
-3
-2
-1
-1
-4
-2
-2
-3
-1
2.8305770983563665
-2
-4
-3
-2
-4
-3
-4
-2
-4
-4
-2
7.0692020598546375
-1
-4
-4
-3
-2
-2
-2
-2
-2
-3
-3
3.803834468973184
-4
7.983699669498515
-4
-4
-4
-4
-4
6.024246381472466
-4
-3
-4
-2
-3
-3
-1
-1
-4
-4
-4
5.630237508914693
-2
-4
-3
-3
-2
-2
-2
-4
-3
6.272440585284974
-2
-2
-3
-3
-2
-1
-2
-3
-4
-2
-4
-4
-2
-4
-2
-3
-2
-4
-2
-3
-3
-2
-2
-3
-4
-2
9.885206149384638
-3
-2
-2
-2
-2
-2
-2
-2
-3
-3
7473736358633
9.811327553069939
-1
-2
2.0961416263493753
-3
-2
-4
-4
5.221612944499164
-1
-3
-2
-2
-2
-3
-2
-2
-3
4.677566618002203
-4
-2
-2
-3
-1
-4
-4
-2
-1
-2
-3
-4
-2
-4
-2
-4
-4
-2
-3
-2
-3
-2
-4
6.196587697373586
-2
-2
-2
-4
-4
-2
-3
7.072732669936482
-4
-2
-3
-3
-2
-4
-3
-2
-3
-3
6.207725049639922
-2
-4
-4
-2
-2
-2
-4
-2
-4
-1
-3
-3
-4
-3
-3
-3
-3
-2
-3
-2
-3
-2
-3
-4
3.765215080552588
-4
-2
-2
-2
-1
-3
-2
-2
-1
-2
-2
-1
-1
-2
-2
-2
-3
-2
-2
-4
-3
-3
-3
-2
-4
-2
-4
-4
-2
-2
-2
-2
-3
-3
-2
-2
-1
-2
-2
-4
-4
-3
-2
-2
-3
-3
-2
-2
-4
5.037556674988744
-2
-3
-4
-2
-4
-2
10.325765234479933
6.836235863440008
-4
-3
-2
-2
-2
-3
-2
-1
8.236684182699578
-3
-2
-2
-2
-2
-2
-3
-4
-2
-2
-3
-2
-3
-2
-3
-3
-4
-4
-2
-2
-2
-3
7.22780103566085
-2
-2
-2
-4
-2
-2
-4
-2
-2
-2
-2
-2
9.219699798946692
-2
-2
2.753113132552036
-2
-2
-3
-4
-3
-4
-2
-4
-2
-2
-2
8.358358794232101
-4
-2
-4
6.99056979082337
-3
-2
-4
-4
-4
-1
-2
-2
-2
-4
-4
-4
-2
-3
-1
-2
-1
-2
-2
-2
5.411060093134429
-3
-1
-1
-2
-1
-2
-2
-4
-2
-3
4.404522478808113
-4
-2
-3
-3
-4
-4
-2
-2
-2
-2
-4
-3
-2
-1
-2
-2
-2
-1
-2
-2
-4
-4
-3
-2
-2
-3
-4
-2
-4
-2
-3
-3
-4
-3
-3
-4
-2
-2
9.396515316540524
-3
-2
-2
-4
-3
-2
-4
-2
-2
-2
-2
6.905979420141842
-3
-2
-2
-2
-4
-4
-2
-4
-3
-4
-2
-2
-2
-3
-4
-4
-2
-4
2.7269885637360964
-2
-4
-2
-4
-3
-3
-2
-2
-2
-4
-2
-1
-2
-2
-2
-4
-1
-2
-2
-4
-3
9.372783544142655
-2
-3
-4
-2
-2
-2
-2
-4
-2
-2
-2
-2
-1
-2
-2
-3
-4
-3
-2
-4
-4
-2
-1
-2
-2
-1
-2
-2
-3
7.095190805469576
-4
-4
-2
-1
-2
-2
-2
-1
-2
-1
-2
6.365730782802347
-1
-4
-2
9.455593450834499
-1
-4
-4
-2
-3
-3
-3
-3
-1
-2
-4
-3
-4
-2
-2
-4
-4
-4
-2
-1
-4
-2
-3
-4
-2
-2
-3
-2
-2
-2
-1
-4
8.588784609801738
-2
-2
-2
-4
-4
-2
-4
-3
-3
5.409087872620512
-2
-2
-1
-2
-4
9.25477149683087
-3
-3
-1
-1
-2
-2
-4
-1
-2
-3
-2
-2
-1
-2
-3
-1
-4
-4
-3
-2
-4
-2
-2
-1
-4
-2
-2
-3
-2
-1
-2
-2
-2
-4
-3
-2
-2
-4
-2
-2
-4
-2
-2
-4
-2
-4
-2
-4
-4
-2
-2
-2
-3
-2
-2
-2
-2
-3
-2
-2
-2
-2
-2
-2
-4
-3
-4
-2
-4
-3
-2
-3
-3
-3
-2
-1
-4
-4
-2
-4
-4
-4
-2
-3
-1
-2
-4
-4
-3
-1
-3
-4
-4
-4
-2
8.16508037622511
-2
-2
-4
-3
-4
-2
-2
-2
-4
-3
-2
-4
-3
-2
-2
-1
-2
-4
-2
-2
-3
-4
-4
-2
-1
-2
-2
-2
-4
-2
-3
-2
-4
-4
-2
-2
-3
-3
-2
-1
-3
-3
3.7238325076526966
-4
-2
-3
-4
-4
-3
-3
5.964115656605898
-2
-2
-2
-4
-4
-3
-2
-2
-2
-3
-2
-2
-2
-2
-4
-2
-3
-2
-2
-2
-1
-2
-2
-2
-3
-2
-2
-2
-2
-2
-3
-2
-2
7.430647373439006
3.538894629526374
-3
-2
-2
-2
-2
-3
-2
-4
-3
-2
-2
-4
-4
7.405250433104474
-4
-3
-3
-1
-1
-2
-4
-2
-3
-2
-2
-2
-4
8.607951269869657
-2
-2
-2
-2
-3
-3
-2
-3
-4
-2
-2
-2
-2
-3
-2
-2
-2
-2
-2
6.077334676914859
-3
-4
-3
-3
-3
-2
-3
-2
-4
-3
-4
-4
-2
-4
-2
-4
-2
-4
-2
-3
-3
-2
-2
-2
-1
-4
-4
-2
-4
-4
-4
-4
-2
-3
-2
-2
-4
-3
-2
-4
-2
-1
5.185442470381632
-2
-4
-3
-3
-2
-2
-2
-2
-4
-2
-2
-3
-2
-4
-4
-2
-2
-4
-4
-1
-2
-2
-2
-2
-4
-3
-1
-3
-4
-4
-2
-2
-2
-3
-4
-2
-3
-2
-3
-3
-4
-2
-2
-2
-2
-2
-2
-2
-2
-2
-2
-3
-4
-4
8.880756487832599
-4
8.250254442672423
-2
-4
5.245208455238588
-2
-2
2.003917515355125
-3
-3
-2
-2
-4
9.406895047122896
-2
-2
-4
-2
-2
-4
-1
-2
-2
-1
-2
-3
-4
-2
-3
-3
-4
-2
-2
-3
-1
-2
-2
-1
-4
-3
-3
-2
-2
-4
-4
-2
-3
-2
-3
-4
-2
-2
-4
-4
-3
-2
-4
-2
-4
-1
-2
-4
-3
-4
-2
10.21402421993935
-2
8.520733989671001
4.028371625564505
-3
-2
-4
-4
-4
-4
-3
-1
4.9215182604321015
-4
-4
-3
-2
-2
-2
-4
-3
-2
-4
-2
-3
-2
-2
-3
-1
-4
-3
-3
-4
-2
-3
-2
-2
-4
-4
-1
-2
-2
-4
-2
-4
-3
-2
6.9318077536997595
-4
-2
-2
-1
4.662653596372296
-1
3.3886401475625316
-3
8.322206288784615
-2
-1
-2
-2
-2
-2
-2
-2
-2
7.862025044621179
-3
-2
-3
-3
-4
9.233133057688491
-2
-4
-2
-4
-1
-2
-4
-2
-2
-2
-3
-2
-2
-2
-2
-2
-1
-2
-3
-3
-4
-3
-2
-3
-4
-2
-2
8.422742521610664
-4
-4
-1
-3
6.115532991486594
-4
-4
-4
-2
-3
-4
-4
-2
-4
-2
-1
3.7127403581894516
-2
4.757905274327397
-4
-2
-2
-3
-2
-4
-1
-2
-3
-4
-2
-3
-2
-3
-1
-2
-4
-3
-1
-2
-2
-3
-4
-2
-3
-3
-1
-4
-2
-4
-4
-2
-4
4.897354826682042
-2
-2
-4
-3
-3
-2
-2
-4
-2
-3
-3
-4
-2
-2
-3
-3
-2
-2
-2
-3
-2
-2
-2
-2
-2
-3
6.434841189011909
-2
-3
-2
-4
-2
-1
-3
-2
-4
-3
6.2381811206024285
-2
-3
-2
-2
-2
-3
-3
-2
-2
-4
-2
-3
-4
-3
-2
8.469861033990215
-4
-2
-4
-4
-2
-3
-3
-2
-3
-4
-2
-4
-4
-2
-2
-2
-4
-2
-4
6.22033523723019
-3
-4
-1
-1
-4
-2
-3
-4
-3
-4
-3
4.485592495507612
-3
-4
-1
-4
-2
-4
-2
-3
-3
-4
-4
-1
-3
-2
-3
-1
-4
-2
-2
-1
-4
-2
-2
-2
-2
-3
-2
-2
-3
-1
-2
-1
-2
-4
-4
-2
-1
-2
-3
-2
-4
5.45562531541432
-1
-2
-4
-3
-2
5.6421920885422345
-1
-2
-3
-2
-4
-1
-3
-2
2.5781232965175054
-2
-2
-2
-1
-2
-2
-2
-2
-1
-1
-3
-4
-4
-2
-4
-2
-1
-2
-1
-4
-2
-4
-3
-4
-4
-3
-4
-3
-3
1.6575327292889996
-4
-1
-3
-2
-2
-3
-2
-2
-2
-4
-3
-2
-4
-1
-2
-2
-2
-2
-4
-4
-3
-2
-4
-2
7.208913458732544
-4
-3
-2
-4
-4
5.573429488108696
-2
-2
-2
-4
-2
-3
-2
-4
-3
-2
-2
-2
-3
-2
-3
-2
-1
-4
-4
-3
-2
-2
-3
-3
-3
-2
-2
-3
-4
-2
-4
-4
-1
-3
-1
8.982599996700824
-2
-4
-2
-2
-2
8.485391653121226
-3
-2
-4
-2
-2
3.8185863933205777
-3
-2
-3
-4
-2
-2
-2
-4
-2
-4
-3
5.720537910059637
-4
3.016216847031756
-1
-3
-2
-3
-3
-3
-4
-2
-4
-2
-2
-2
-4
-4
-1
-4
-2
-4
-3
-3
-2
-3
-2
-1
-2
-3
-2
-3
-4
-2
-2
-4
-2
-2
-4
-3
-4
-1
-3
10.21249254160515
-3
-2
-2
-2
-1
-3
-4
-2
-2
-2
-2
-4
-2
-2
-2
-2
-2
-3
-3
-4
-2
-2
-1
-2
-4
-4
-3
-2
-2
-4
-3
-3
-4
-2
-3
-2
-3
-3
-4
-2
-2
-4
-3
-2
-4
-4
-3
-4
-2
-2
-4
-4
-2
-3
-4
-4
-2
-2
-3
-3
-2
-2
-4
-3
-2
3.682793087918096
-2
-4
-4
-4
-2
-2
-2
-2
-2
-4
-2
-2
-2
-4
-2
-2
-2
-3
-4
-3
-2
6.0877159592258145
-2
-3
-3
-3
-2
-3
5.745023527540184
-4
7.265724057669942
-3
-4
-2
-3
-3
-4
-2
6.431608469092469
9.940136506701197
-4
-3
-2
-3
-2
9.714846339270203
-4
-4
8.150163077918535
-2
-4
-4
-2
-3
-1
-2
-2
-4
-3
-2
-4
-3
-2
-2
-2
-4
-2
-2
-4
-2
-4
8.762112383548333
-3
-3
8.801671233755261
-2
-2
-4
-4
-4
-2
-2
3.2801725952450917
-2
-2
-4
-4
-2
-2
-2
-4
-3
-2
-2
-4
-4
-3
-2
-4
-3
-4
-2
-2
-2
-2
-2
-3
-3
-4
-2
-4
-2
-2
-4
-2
-2
-4
-2
-4
-3
-2
-4
-3
-2
-3
-2
-2
-2
-4
-2
8.04089358668809
-1
-4
7.400311222640521
-4
-1
-4
-2
3.97537743243627
-2
-4
-3
-2
-4
-4
-3
-4
-2
-3
-2
-2
-3
-1
-2
-2
-1
-3
-4
-3
-3
-2
-2
-2
-2
-2
-4
-1
-2
-2
-4
-4
-2
-1
10.543117677787604
-2
-2
-3
-2
-2
-3
-2
-4
-2
-3
-3
-4
-4
-2
-3
-2
-3
-4
-4
-4
-3
-2
-2
-4
-4
-3
-1
7.2405146638585425
-4
-4
-2
-2
-4
-2
-4
-4
-1
-3
-3
-2
-2
-2
-2
-4
-2
-2
-4
-1
-3
-4
-2
-3
-2
-2
-4
-2
-2
7.998655819008356
-3
-3
-2
-2
-3
-2
-3
3.1477892243357948
-2
-2
-2
-2
-3
-2
-1
-2
-2
-3
-2
-2
-4
-3
-4
-3
-3
-2
-2
2.9586543232661224
-2
-2
-3
-4
-4
-2
-4
-2
-2
-3
-4
-3
-3
-2
-4
-2
-1
-2
6.7877185345012965
-2
-3
-2
-2
-2
-1
-2
-3
-3
-2
-2
-2
-2
-3
-3
-4
-2
-2
-2
-3
-4
-2
-4
-3
-2
-2
-2
-2
-4
-4
-1
-2
-2
-2
-4
-2
-2
-4
-4
-1
-2
-4
-4
-1
-2
-4
-3
-3
-4
-3
-4
-2
-3
-4
-2
-1
-2
-4
-2
-3
-2
-2
-3
-3
-2
-2
-3
-2
-2
-2
-4
6.295303441273644
-3
-2
-4
-2
-4
-3
-4
9.785214964608175
-2
-2
-4
10.536036261019321
-4
-3
-2
-3
-3
-2
-2
-3
-1
-2
-4
-4
-3
6763943334562
2.8450003665388923
-4
-2
-2
-3
-3
-3
-1
-3
-1
-2
-2
-2
-2
-2
-4
-4
-4
-4
-2
-3
-4
-3
-4
-2
-3
4.636507887849987
-4
-3
-2
10.531158914582127
-2
-4
-1
-2
-4
-4
-2
-3
-2
-2
-2
-2
-2
-3
-2
0189002557126
-4
-2
-2
-2
-2
-3
-4
-4
-2
-2
-3
-2
-4
-3
-2
-1
-2
-4
-1
-1
-3
-3
-3
-1
-4
-3
-4
-3
-3
-2
-2
-3
-2
-1
-3
-2
-2
-2
-4
4.7588313748954185
-1
-3
-2
-2
-2
-2
-2
-2
-3
-2
-4
-2
-2
-4
-1
-2
-4
-2
-3
-4
-3
-2
-4
-2
-3
-3
-1
-2
-2
-2
-4
-1
-2
-2
-4
-2
-3
-4
-2
-4
-2
-3
-3
-3
8.76749190198341
-4
-2
-4
-4
-3
-4
-2
-3
-3
-2
-1
-4
-2
-2
-1
-2
-3
-2
-4
-2
-3
9.228698477890589
-1
-3
-2
-1
-1
-2
-3
-3
-2
-2
-3
-3
-2
-3
-2
7.861842065877639
-2
-3
-3
-2
-3
-4
-1
-4
-3
-2
-2
-2
-3
-2
-4
-4
-0.18658928226785498
-2
-2
-4
-2
-4
-2
-3
-4
-3
-2
-3
-4
-2
-2
-4
-3
-3
-2
-2
-3
-4
-2
-2
-2
-3
-4
-1
-2
-1
-2
-4
7.343246937666997
-3
4.936259309026912
-2
-2
-3
-4
-2
-4
-2
-2
-2
-2
-2
-2
-3
-2
-3
-2
-3
-2
-2
-1
-1
-2
5.804952692197448
-1
-4
-2
-3
-3
-4
-3
-2
-4
9.407630011321134
-3
-3
-2
-4
-4
-4
3.824385297658809
-2
-3
-2
-2
-2
-2
-4
-4
-2
-1
-2
-2
-4
-2
-4
-2
-4
-2
-2
-4
-2
-2
-4
-4
-2
-1
-3
6.007535149340637
-2
-2
-3
-2
-4
-2
-2
-4
-2
-3
-4
-4
-2
-2
-2
-2
-4
-2
8.926495159104293
3.3989861684469798
-2
-3
-3
-4
7.891323183287705
-1
-2
-3
-4
-2
-3
-4
-2
-3
9.131332273716477
-1
-3
4.401275399323309
-2
-4
-4
-3
-2
-4
-4
-3
-4
-2
-2
-2
-1
-2
-3
-2
-4
-2
-3
-4
-4
-2
-2
-2
-3
-2
-3
-1
-1
-2
-2
-2
-2
-2
-2
-3
-2
-2
-3
-2
-2
-2
-3
-3
-2
-2
-2
-2
-4
-4
-2
-4
-4
-4
-3
-2
-2
-2
-3
-3
-2
-3
-2
-2
-2
4.977233639367645
-4
-4
-2
-4
-4
-4
-4
-2
-4
-3
-4
-2
-3
-3
-2
-2
-2
-2
-4
-2
-3
-3
-2
-2
5.099892709529884
4.847472403234409
3.3570441067380052
-4
-4
-1
-3
-2
-4
-2
-4
-3
4.586927632927486
-4
-4
-2
-4
-2
4.5198936778432905
-2
-2
-2
-4
-3
-2
4.144194593239826
5.147183275881684
-2
8.320291728690794
-1
-4
-2
8.890891962077369
-1
-2
-3
-2
-4
-4
-3
-3
-4
-2
-2
-4
-2
4.318472723077731
-4
-2
-3
8.954747687793045
-2
-2
-3
-4
-1
-2
8.547804894587069
-2
-4
-2
-3
-2
-4
-2
-4
-3
-4
-4
-2
4.5141158592091255
-1
-4
-2
-4
-3
-3
-2
-2
-3
-2
-2
-1
-2
-4
8.78131260792018
-3
-4
2.245672735310791
-2
-4
-2
-4
-4
-4
-3
-2
-2
-2
-4
-4
-1
-2
-2
-2
-4
-4
-2
-4
-2
-2
-2
-3
-3
-4
-2
-1
4.978342768130686
-2
-2
-1
10.236086849719378
-2
4.9431147942912155
-3
-2
-2
-4
-2
-2
-2
-2
-2
-2
-3
-4
10.550156388421145
-3
-3
-4
-2
-3
-2
-3
-3
-2
-2
-2
-2
-2
-4
-1
-4
-4
-4
-2
-4
-2
-4
8.436330666845768
-1
-2
-4
-4
5.126241847393537
-2
-4
-3
-2
-4
-2
-2
-2
-4
-2
-2
-2
-3
-2
-4
-4
-4
9.36397099710456
-4
-4
-1
-2
-3
-3
-2
-3
-3
-3
-2
-3
-2
-3
-3
-1
-3
-3
-2
-4
-3
-2
-3
-1
-3
-1
-2
-4
-2
-3
-3
-2
-2
-2
-4
-4
-3
-2
-1
-2
-3
-2
-2
-2
-4
-3
-3
-3
-1
-1
-3
-4
-4
-2
-3
-4
-4
-2
-2
-2
-2
-2
-4
-3
-2
-4
-2
-2
-4
-3
-4
-2
-4
5.488584109842147
-3
-2
-2
-2
-2
-2
-1
-3
-2
-2
-2
-1
-3
-3
-2
7.83981735309389
-2
-3
-3
-4
-4
-2
-2
-2
-4
-4
-2
-1
-4
-2
-4
-3
-4
-3
-3
-3
-3
-2
-2
-4
-1
-4
-3
-2
-2
-2
-4
-2
-4
-3
-2
-4
-2
-3
-3
-2
-2
-1
-1
-3
-4
-2
-2
-4
-3
8.739701472699329
-3
-4
-2
-4
-2
-2
-2
-4
-2
6.599642657291845
-4
-2
-1
10.421324800051748
-2
-2
-2
-2
-1
-2
-2
-3
-1
-2
-4
-2
-4
-2
-3
-4
-4
-3
-2
-3
-2
-2
-2
-3
-4
-2
-3
-1
-3
-3
-4
-4
-2
-3
-3
-2
-2
-3
-4
-2
-4
-2
-3
-3
-2
-3
8.770001515369302
-2
-4
-4
-4
-4
-4
-4
