-3
-3
-1
-1
-1
6.9405501745419205
-2
-1
-1
-2
-3
4.344808920063562
-1
-1
-2
-3
-2
-1
-3
-1
-1
-3
-1
-1
-3
-2
-1
-1
-1
-3
-1
-2
-1
-3
-1
-3
-1
-1
6.35965439997541
-1
-2
-1
-3
-1
-1
-1
7.172936899142888
-3
-1
-3
-3
-3
-1
-1
8.578130261318286
-3
-3
-1
-2
-2
-2
-1
5.509172391745725
-2
-3
-3
-1
-1
-3
-1
-3
-3
-2
-3
-1
-1
-1
-1
-2
-2
-3
-1
-1
-3
-1
-1
-3
-1
-1
-1
-1
-2
-1
-2
-3
-2
-1
-3
9.469971811016523
4.101201665884018
-3
-3
-3
-1
-1
-1
-3
-1
-1
-1
-1
-1
-3
6.301144649544307
-3
-1
-2
-3
-3
-1
-2
-1
-3
-1
-2
-1
-1
-3
-3
-3
-1
-1
-1
-3
-1
-3
-3
-1
-2
8.299232730790738
-3
-2
-1
-2
-3
-1
-2
-1
-1
-1
-1
-1
-3
-3
-2
-1
-1
-2
-3
-2
-3
-3
-1
-1
-1
-1
-3
-3
10.356697482709803
-1
-3
-1
-3
-2
-1
-1
7.495712701574837
-1
-1
-1
-3
-2
-1
-2
-3
-3
6.795608933235695
-2
-3
-3
-3
-1
-1
5.868773641345147
-1
-1
-3
-1
-2
-1
-1
-3
-1
-1
-3
-1
-1
-2
6.896651559949502
-3
-1
-3
-3
-1
-2
-1
-1
-1
-3
8.950626938237608
-1
-2
-1
-1
8.428072488351354
-1
-1
-1
8.430413917458095
-1
7.145847818276973
-2
-1
-1
-1
-1
-3
-1
-2
-1
-1
4.774248924363764
-1
4.2646056597375175
-1
5.568286610641332
-1
-2
-1
-1
-2
-1
-1
-3
1.333970165643418
-3
-3
-1
-3
1.6920317779455445
-1
-2
-2
-3
-1
-1
-2
-2
-1
-3
-1
-1
-1
2.187711652220287
-2
-3
-2
-1
-1
-2
-1
-1
-2
-3
8.209403706518449
-2
-1
-1
-1
-1
-3
-3
-1
-1
-3
-2
5.242640595469876
-2
-1
-1
-2
-1
-1
-1
-1
-3
-3
-1
-1
-3
-1
-1
-3
5.460168170570553
-2
-2
-1
-3
-1
-1
-1
-1
-2
-2
-1
-3
-1
-2
-2
-3
-1
-1
-1
-1
-1
-1
-1
-2
-1
-3
-1
6.114854879562712
-2
-1
-1
-2
10.381989472239422
7.479263891223374
-1
3.1583037251226287
-1
-1
-3
-1
-1
-3
9.478675238028101
-1
-2
-3
-3
-1
-1
-3
-3
-3
-1
7.427216420974641
-2
-1
-3
-3
-1
-1
-1
-2
-3
-1
-1
-3
-1
-2
-1
-3
-2
-3
-3
-1
-3
-1
-1
-2
-1
-3
-1
-2
-3
-1
9.57288892010171
-1
-1
-1
-3
-1
-2
5.770994887536611
-1
4.581391206874901
-1
-2
-1
-2
-1
-1
-1
-2
-2
-3
-1
-2
10.230367568397055
-1
-1
-3
-1
-3
-1
-1
-1
-2
-1
-1
-1
-2
-2
-1
-1
-1
-1
-2
-1
5.991968831261362
-1
-3
-2
-1
-1
-1
-1
-3
-1
-1
-1
-1
-1
-1
-1
-3
-2
-1
-2
-1
-3
-3
-1
-1
-1
-2
-1
-2
-2
-1
-1
-1
-1
-3
-2
-1
-3
-1
-1
-1
-3
-1
-3
-2
-2
-2
-1
-3
9.536425455559726
-3
-2
-1
-1
-1
-3
-3
6.647807883886747
-2
-1
-1
-1
-1
-1
-1
-1
-3
-2
-1
-1
-2
-1
-1
-3
-1
-1
-1
-1
-3
-3
-3
-3
-1
-1
-1
-3
-2
-1
-1
-1
-1
8.120610408246831
-3
-3
-1
-1
-1
-3
-2
-1
-1
-1
-2
-2
4.3915371303314945
9.628514813882436
-2
-1
-1
-1
-1
-1
-1
-2
-1
-1
-1
-1
-3
-1
-3
-1
-2
-1
-1
4.688709028377392
-3
-1
-2
-2
9.422000282316885
-1
-1
-1
-3
-1
-1
-1
-1
-2
-1
-1
-2
-3
-3
-1
-1
-1
-2
-1
-1
-2
-1
-1
-3
4.572111980655951
-2
-2
-1
-3
-1
-2
-3
-3
-1
-1
-1
-2
-1
-1
-2
-3
-1
-3
-2
-3
-1
-1
-1
-1
-1
-2
-3
-1
-1
4.391479612091951
-1
-1
-1
-1
-3
-2
-1
-1
-2
-1
-1
-1
-2
-2
-2
-1
-1
8.965388288312452
-1
-2
-2
-1
-3
8.794902478784504
-3
4.98727478141809
-1
-3
-3
-1
-1
-1
-2
-1
-2
-1
-3
-1
-2
-1
-3
-1
-3
-2
-1
8.630121825224615
-1
-1
-1
-3
-1
-1
-1
-2
-1
-2
-3
-1
-1
-1
-3
-3
-3
-1
-1
5.0863610794208185
-2
-1
-1
-1
-1
-2
-1
-1
-1
-2
-1
-3
-2
-2
-2
-2
-1
-1
-1
-1
-1
-3
-1
-3
-2
-1
-1
-1
7.434186748413728
-2
-2
-3
-1
-1
-2
-1
-3
-1
-1
-1
-1
-3
-2
-1
-1
-1
-1
-2
-1
-3
-2
9.780956751995253
4.967304326521253
-1
-2
-1
-1
-2
-1
-3
-1
-2
-2
-2
-1
5.655104158318478
-1
-2
-3
5.078943158048817
-1
-2
-3
-2
-1
-1
-3
-3
-3
-1
-1
-1
-3
-1
-2
-2
-1
-2
-3
-3
-1
-1
-2
-1
-1
-1
-1
-1
-2
-3
-1
-3
-1
-1
-1
-1
-1
-2
-1
-1
-1
-2
-2
-1
-3
-1
-1
5.328893944746614
-2
-3
-1
-3
-1
-1
-3
-1
-2
-3
-2
-2
-2
-3
-2
-1
-3
-1
-1
-3
-3
-1
-2
-2
-2
-2
-2
-1
-3
-2
-2
-1
-1
-1
-1
-1
-1
-3
-1
-1
-1
-1
-1
-1
-3
-1
-1
-3
-2
-3
-3
-1
-1
-1
-2
-1
-3
-3
-3
-1
-1
-2
-1
-1
8.739195072118708
-3
-1
-2
10.353490517864653
-3
-2
-3
-1
-1
5.461010502359377
10.548123379650526
-2
-1
-1
-3
-1
-3
-2
6.030509867940031
-3
-3
-2
-1
-1
-1
-3
-3
-1
-1
-1
-1
-3
-1
-1
-1
-1
-1
-1
8.298535758277218
-1
-1
-2
-1
-1
-2
-1
-1
-1
-3
-2
-1
-1
6.134963536199139
-2
-3
-3
-2
-3
-1
-2
-2
-1
-1
-1
-1
-1
-1
-1
-1
-2
-2
-1
-2
-1
-3
-1
-2
-3
5.52107709631956
-3
-3
-2
-3
-1
-1
4.961900313164421
-1
9.868239290263999
-2
10.412105230457183
-1
-3
-3
-2
-1
-1
-1
-3
-1
-1
-3
-1
-2
-3
-1
-1
-1
-1
-1
-2
-1
-1
-1
-1
-2
-1
-1
-2
-1
-3
-2
-3
-2
-2
6.1483255705261985
-1
-1
-2
-1
-1
-1
-3
-1
-1
-1
-2
-3
-1
-1
-1
-2
-3
-1
-1
-1
-1
-1
-1
-2
-1
-3
-1
-1
-3
-1
-3
-1
-1
-3
-3
-1
-2
-1
-1
-1
-1
-2
-1
-1
-1
-1
-1
-3
-3
-2
-3
-1
5.408610154592155
-1
-1
-2
-1
-2
-3
-3
-2
-1
-1
-1
-1
-2
-1
-1
-1
-2
-2
-1
-3
-1
-1
-1
-1
-1
-2
-1
-3
-3
-2
-1
-1
-1
-1
-1
-3
-2
-3
-3
-1
-2
-3
-2
-3
-1
-2
-3
-1
-1
5.173755495129317
-1
-1
-3
-1
-1
-1
3.049286680007887
-1
-1
-2
-1
-2
-1
-2
-1
-1
-1
-1
-2
-3
5.868166589345611
-1
6.005475935261343
-2
-1
-3
8.314854838073954
-3
-2
-2
-3
-1
-1
-3
-2
5.487151561787398
-1
-1
-1
-1
-1
-1
-1
-1
-1
-2
-1
-1
-1
-3
-1
-2
-1
-1
-2
-1
-1
-1
-1
-3
7.665512889864871
-1
-3
-1
-2
-1
-2
-1
-1
-1
-1
-1
-1
-3
-3
-3
-2
-1
-1
-1
-2
9.95814312462693
-1
-1
-1
-2
-1
-2
-3
-3
-3
-2
10.09131501405478
-2
9.045647696474353
-1
-2
-3
-3
-1
-2
-1
-1
-1
-2
-3
-1
-3
-1
-2
-1
-2
-1
-1
-3
-1
-1
-2
-1
-1
-1
-1
-1
-1
-2
-1
-1
-1
-3
-1
-3
-1
-2
-1
-1
-1
-2
-1
-1
-1
-1
-3
-1
-1
-2
-2
-1
-3
-1
-1
-1
7.714641314888645
-3
-3
-1
-1
-1
-1
-1
-2
-1
-1
-3
4.143926557959894
-1
-2
-1
-1
-2
-1
-2
-1
-1
-1
6.2194821532849005
10.140742415694971
-1
-2
-1
-1
-3
-3
-1
-1
-1
-3
-2
-3
-1
-1
-1
-3
-1
-1
-1
-3
-1
-1
-1
9.129863757021583
-3
-1
-1
-3
-3
-3
-1
-2
-2
-2
-2
-2
-2
-1
-1
-2
-2
-1
-2
-2
-1
-3
-1
-3
-2
-1
-3
-1
-1
-1
-1
-1
-2
-2
-1
-2
-3
-3
-2
-3
-3
-2
5.61545397761671
-3
9.28477549043069
-3
-1
-1
-1
-3
-1
-3
-1
-1
-1
-2
-1
-3
-2
-1
-1
-1
-3
-3
-3
-1
-1
-1
-2
-2
-2
-1
-1
-3
-1
7.62869969539309
-2
-1
10.327840460917974
-1
-3
-2
-1
-3
-3
-3
-1
-1
-3
-1
-1
-1
-3
-2
-2
9.95329977681731
-1
-2
-1
-2
-1
-1
-3
-2
-1
-1
-3
-1
-3
-2
-1
-1
-3
-3
-1
-1
-2
-3
-1
-1
-1
-2
-1
-1
5.640376631109113
-2
-2
-1
-3
-2
-1
-3
-1
8.267835517205615
-1
-1
-1
-1
-2
-3
-1
-1
-2
-3
-3
-3
-2
-1
-1
-1
-2
-2
-2
-1
-2
-3
-1
-3
-1
-2
-1
-2
-1
-3
-3
-2
-1
-2
6.3679132965419445
-2
-1
4.559969987843822
-3
-3
-2
-1
-2
-1
-1
-1
-1
-1
-1
-1
-2
-1
-1
-3
-1
-1
-2
-1
-3
-1
-2
-1
-3
-1
-3
7.549120012524645
-3
-1
-1
-1
-1
-2
-3
-2
-1
-1
-1
-2
-3
-2
-1
-1
-2
-3
-1
-1
-2
-1
-1
-1
10.263173433006811
-1
-3
-3
-1
-1
2.1635737779585567
-3
-1
-1
-1
-3
-1
-2
-3
-1
-1
-2
-1
-1
9.872782016879217
-1
8.939108993958934
-3
-1
-1
-3
-3
-1
-3
-2
-3
5.327277896939172
-1
-2
3.1310802007447
-1
-1
4.101404100135552
-1
-1
-3
-1
6.8461264776608335
5.0851697763803685
-1
6.308577431056987
-1
-1
-3
-1
-2
-1
-1
-1
-2
-1
-2
-1
-3
-3
-1
-1
-2
-1
-3
-1
-1
-2
-1
-2
9.240482066573934
-3
-3
-1
-2
-1
-2
-3
-3
-1
-1
-3
-2
-2
-1
10.24059562227553
-3
-3
10.082125903641286
-3
-1
-3
-2
-3
-3
-1
-1
-1
-1
-2
-3
-1
-1
-2
-2
-3
1.9563995097424192
-1
-3
-1
-3
-2
-1
-1
-1
-1
-1
-1
-1
-1
-3
-1
-3
-1
-1
-3
-1
-3
-1
-2
-1
-2
-2
-2
-2
-3
-3
8.893860717424031
-1
-1
-1
-1
-1
-1
-1
10.355562391975031
-1
-2
3.2091968021902852
6.117554636739261
-1
-1
-1
-3
-1
-3
-1
-1
-1
-1
-3
-3
-1
-2
-1
-1
-3
-3
-1
-3
-3
-3
-1
-1
6.620966693100582
-1
8.231129815079516
-1
-1
-1
-2
1.7073267684156441
-1
-3
-1
-2
-1
-3
-1
4.6544705389070185
-1
-2
-3
-1
-2
-2
6.622164229645035
-1
-1
-3
-2
-1
-1
-3
-1
-3
-1
-2
10.481412341130193
-1
-3
-1
-1
-2
-1
-3
-2
-1
-2
4.5688557470827735
-3
-1
-3
-1
-1
-1
-3
-1
-3
4.4262272068527615
-1
-1
-1
-1
-1
-2
-2
-3
-1
-3
9.482072216428403
-3
-1
-1
-1
-1
-1
-2
-1
-1
-1
-2
-1
-2
-2
-3
-1
-1
-1
-1
7.411499024025414
-3
5.926756600151338
-1
-2
-1
-2
-1
-3
-1
-2
-2
-1
-2
8.454917906016378
-1
-3
-1
-2
-2
-3
-1
-1
-1
-1
-1
-1
-2
-1
-1
-1
-1
-2
-3
-2
-3
-1
-1
-1
-1
-1
-1
-1
-2
-2
7.788933593810642
-2
-2
-1
-2
-2
8.580106139728398
-1
-1
-1
-2
-2
-1
-1
-1
6.204925366579085
-2
5.29783933228466
9.96318295337086
1.902937398954724
-2
-1
-2
-1
-3
-3
-2
-1
-1
2.7273987647669617
-1
-1
5.515091846708453
-1
-1
-2
-1
-1
-1
-1
-2
-1
-1
-3
-1
-3
-2
-3
-2
-1
-1
-3
-1
-2
-1
-3
-2
-2
-1
-2
-1
-1
-1
-3
-1
-2
-1
-3
-1
-1
6.272057979653669
-2
-1
-3
-1
5.072595166286282
-3
-1
-1
-3
-1
-1
-2
-1
-1
-2
-1
-3
-2
-1
9.153310351490008
-2
-1
-2
-2
-1
-1
-1
-1
-2
-1
-1
-2
-3
-3
9.263201129546944
-2
-3
-1
-1
-2
-1
-1
-2
-2
-1
-1
-1
-3
-1
-1
-2
-1
-1
9.099795651270512
-1
-1
-1
-1
-1
-2
-1
-2
-1
-1
-1
-3
-1
-1
-3
-1
-1
-1
-3
-3
-2
-3
-1
7.439457784694197
-1
-2
-3
-3
-2
-1
-1
-2
-1
-3
-1
8.199937946564694
-3
-1
-2
-1
-1
-3
-3
-1
-3
-1
-3
-1
-2
-1
5.500017219154172
-1
-3
-3
-1
4.305617834554395
-2
-1
-1
-1
-1
5.368886812131219
-3
-1
-2
-1
-3
-1
-1
-1
-2
-3
-1
-3
-3
-3
-1
-2
-2
-2
-1
-1
3.475467947386642
-1
-3
-1
-1
-1
-3
-2
-1
-1
-3
-2
-1
-3
-1
-1
-3
-1
-1
-1
-1
-3
-1
-1
-2
4.940987747260056
-1
-1
-1
-1
-1
-1
-3
8.550427151587765
-2
-1
-1
-1
-3
-1
-3
-2
-3
-1
-3
-2
-3
-3
4.150429549901052
-1
-2
-1
-1
-3
-2
-3
-3
-1
-1
-1
-1
-1
-1
-1
5.542487861912631
-3
-2
-2
7.552760602751819
-1
-1
-1
-1
-3
8.382110087048705
-1
-1
-1
-1
3.887577279310962
-3
-1
-2
-1
-1
-1
-2
6.9664700533800055
-1
-1
-2
-1
-1
-3
6.560120657898439
-1
-3
-2
-3
6.009103263346008
-1
-1
-1
-1
-2
-1
-3
-1
-2
-1
-2
-2
-3
-2
-1
-1
6.470649157849753
9.259361292932775
-1
-1
-1
-1
-1
-3
-1
-1
-1
-3
-2
-1
-2
-1
-1
-2
-1
-2
-1
5.2289661814699695
-2
-1
-1
-1
5.240960516736081
-1
5.686492315521862
-3
-2
-1
-3
-3
-1
-1
-3
-1
-2
-1
-2
-2
-2
-1
-2
-2
-1
-3
-1
-1
-1
-1
-3
-2
-1
-2
-2
-1
-1
-1
-3
-1
-2
-1
-3
-3
-1
-3
-3
-1
-1
-2
6.0426440732258175
-1
-3
-1
-1
-3
-3
-1
4.076510423385182
-1
-3
-1
-1
-2
-1
-1
7.431101961367906
-3
-1
-2
-2
-3
-1
-1
-1
-1
-3
-2
-1
-3
-3
-2
-3
-2
-2
-1
-3
5.586174655070813
-3
-1
-1
-1
-2
-1
-3
-3
-1
-2
-2
-1
-2
-3
-1
-1
-3
-1
-1
-3
-1
-2
-1
-1
-1
-1
-1
-3
-1
-1
-2
-1
-1
-1
-1
-1
-2
-3
-1
-1
-3
-3
9.754024420468484
-1
-2
-1
-1
-1
-3
-1
-1
-3
-3
-2
-3
-1
-2
-3
-1
-1
-3
-1
-2
-1
-3
-3
-1
-2
-3
-2
-1
-2
-1
-1
-3
-1
-2
-1
-2
-1
-3
-2
-3
-3
-2
-3
-3
-1
-3
-1
-3
-1
2.0819810340147153
-3
-3
-1
-3
-1
-2
3.3366572882526366
-1
7.61292866228065
-1
-1
-1
-1
-2
-3
-2
-1
-1
-1
-1
-1
-1
-1
-2
-1
-2
-1
-3
-3
-3
-3
-2
-1
-1
-2
-1
10.049279357184757
-2
6.580306547612368
-1
-3
-3
-1
-1
-1
-1
-1
-1
-1
-1
-2
-1
-1
-1
-2
-1
-1
-2
-2
-3
-1
-1
-1
-1
-1
-1
-1
-3
-3
-1
-3
-1
-1
-3
-1
-1
-1
-3
-1
-1
-2
-3
-1
10.192065927455014
-2
-1
-3
-3
-1
-1
-1
-1
-3
-3
-2
-1
-1
-3
-1
-3
-3
-2
-1
-1
-2
-1
-3
-3
-3
-3
-2
-1
-3
-1
-3
-1
-1
-1
-2
-3
-1
-1
-3
-3
-3
-3
-3
-2
6.416812922100759
-1
-1
-2
-1
-1
-3
-3
-2
-2
-1
-2
-3
-2
-1
-2
-1
-3
-3
-1
-2
-3
-1
1.8277377055575332
-3
-1
-1
-1
-3
-3
-1
-2
-1
-1
-3
-3
-1
-2
-3
-3
-1
-1
-1
-1
-1
-3
-1
-3
-1
-2
-3
-1
-3
-2
-1
8.901908101980258
-1
-1
-1
-3
3.2405924733533524
-1
-1
-1
-1
-3
-2
-1
-3
-1
-1
-2
-1
-2
-1
-2
-2
-3
-3
-2
-1
4.572932728523371
-3
-1
-1
-1
-2
-1
-3
-2
-2
-1
9.938177606849067
-3
-1
4.9823685055340725
-1
-1
-1
-2
-1
-1
-3
-1
-1
-1
-1
-1
-1
-3
-2
-2
-1
-3
-1
-1
5.77372833384031
-3
-1
9.666772449532505
-1
-3
-1
-1
-1
-3
-1
1.7309227204282287
-1
-2
-1
-3
-1
-2
-1
-1
8.28064199388401
-1
-2
-2
-1
-1
-1
-3
-2
-3
-2
-2
-1
-2
-1
-1
-1
6.224709443203741
-1
-1
-2
-1
-1
1.4210382117472502
-3
-3
-1
-3
-2
-1
-2
-3
-3
-1
-1
-1
-3
-1
9.350035384361927
-1
-2
-3
-2
-3
-1
-2
8.088144086681329
-3
-3
-1
-3
4.14549157540176
-1
-3
-1
-1
-2
-3
-1
-1
-1
-3
-1
-1
-1
-3
-1
-3
-3
-3
-2
-3
-3
-3
-1
-2
-1
-1
-2
-1
5.481644406098193
-1
7.773656800803456
-2
-1
-1
-2
-2
-1
-2
-1
-3
7.491753040643156
-3
-1
-2
-3
-1
-2
-3
-3
-3
-1
-1
-1
-1
-1
-1
2.427990072357038
-2
-3
-2
-1
-1
10.141584686300341
-1
-1
-3
-1
-3
-3
-3
-1
-3
-2
-1
-3
-1
-3
-3
-1
-1
-2
-2
-2
-3
-2
-3
-2
-1
-2
-1
-1
-2
-1
-1
-1
-2
-1
-3
-1
7.418417341568787
-3
-3
-3
-2
-2
-1
-1
-2
-3
-2
-1
-1
-3
-1
-2
-1
-2
-1
-1
-1
-1
-2
-2
-3
7.952750356035841
-2
-3
10.012436951437193
-3
-1
-1
-3
-3
-3
-1
-1
-2
-2
-1
-1
-1
-3
-1
-1
-2
-1
-1
-2
-3
-1
-1
4.972538097553684
-2
-2
-1
-2
-3
-2
-1
-2
-1
-2
-3
-1
-3
-2
-3
5.7532566423374405
-1
-3
-3
-3
-1
-1
-1
1.5742502285674913
8.422728088694539
-1
-2
-3
-2
-1
-1
-1
7.611198759727367
-1
-3
-1
-1
-3
8.881207698833284
-3
-1
-1
-3
-1
-3
-3
-1
-1
-1
-2
-1
-1
-3
-1
-1
-1
-1
7.770100260919671
-1
-3
-1
-1
-1
-3
2.130041853602661
-1
6.2157014161742765
-1
-1
-1
-1
-3
-1
-3
-3
-1
-1
-1
-3
-1
-1
-3
-2
-1
-2
-1
3.7169538784301803
6.286643210433093
-3
-2
-1
-1
-3
-1
-2
-3
-1
-1
-1
-1
-1
-2
-2
-3
-1
-1
8.872203473733746
-2
4.562016364035733
-1
-1
-1
-3
-1
-3
-3
-1
-1
-1
-3
-3
-1
5.838289338131279
-1
-1
-3
-1
-1
7.4638311752404665
-1
-3
-3
-1
-1
-2
-1
-1
-1
-3
-1
-2
-1
-3
-1
-1
-2
-1
7.834951644145377
5.588282540530601
-1
-3
-1
-1
-1
-3
-1
-1
-3
2.0381077951038504
-3
-1
-1
-3
10.125380247637674
-1
-3
-3
-3
4.320258655962293
-1
-1
-2
-1
-2
-1
9.418983919557233
-2
-3
-1
-2
-1
-1
-1
4.504559256712783
-1
-1
-2
-3
-1
-1
-1
-1
-1
-3
-1
-2
-3
-3
-2
-1
-1
-1
-2
-1
-1
9.294350892514665
-1
-1
-3
-1
-1
-1
-1
-1
-3
-1
-1
3.6208456379291736
8.36505896170509
-1
-1
-2
-1
-1
-1
-1
-1
-3
4.368636965062702
-3
-1
8.771773125978724
-2
-1
-2
-1
-2
-1
-1
-2
-3
-3
-1
-1
-1
-2
-3
-1
-1
-3
-1
-1
-1
-3
-1
3.7768061182830905
-3
7.102459751595227
-2
-3
-1
-1
-1
9.32093381986618
-1
4.198675412979766
-1
-1
-1
-3
-2
-1
-1
-2
-2
-1
-1
-1
-2
-2
-3
-2
-1
-2
-3
-1
-1
-1
8.655522536104906
-1
-3
-1
-1
-1
-2
-1
-1
-2
-3
-1
-3
-2
-1
-3
-1
-1
-1
6.0189846874122175
-2
-2
-1
-1
-1
-1
-2
-2
-3
-1
-1
-2
-1
-3
-1
-1
-3
4.771406976125057
-1
-1
-3
-1
9.007460776071532
-1
-1
-1
-1
-1
-2
-1
-2
-1
-3
-3
-3
-2
-2
-1
-1
-1
-2
-3
-3
-1
-2
-2
-1
-1
-1
-1
7.175917616788809
-1
-3
-3
8.278399133522099
-1
-1
-2
-1
6.5090125786020785
-1
9.777235204996513
-1
-1
-2
-1
-1
-2
-3
-1
-1
-3
-1
-2
-1
-1
-1
-3
10.073492449553509
-3
-1
-2
-1
-1
-3
-3
-1
6.837443022707214
-1
-2
-3
-3
-2
-3
-2
-2
-1
-1
-3
-1
-3
-3
-1
-2
-1
-2
-3
-1
-1
-2
-3
-1
-1
-2
-1
-1
-2
-1
-1
-3
-2
-1
-1
-2
-1
-3
-2
-2
-1
-1
-3
-1
-3
-1
-1
-1
-1
-1
-2
-1
-2
7.480259263602264
-3
-3
-1
-1
-3
7.841798556898274
-1
-1
-2
-2
-1
-2
-1
-1
-1
-1
-1
-3
-3
-3
-2
-1
-3
-3
-1
-2
-1
6.484926553079225
-1
-1
-3
-2
-1
-1
-3
-2
-1
-3
-1
-3
-3
-1
-2
-1
-2
-1
-1
-2
-1
-2
-1
-3
-3
-1
-1
-3
-1
-3
-1
-1
-2
-1
-2
-1
-1
-1
-2
-1
-2
-1
-3
-2
8.813984379477034
-1
-1
-1
-2
-1
-3
-3
-2
9.107815847627126
-3
-2
-1
-1
-1
-3
-1
-1
-2
-1
10.594579122822593
-1
-3
-3
-1
-3
9.131107250433473
9.22813406234435
4.091851110928552
-1
-1
-3
-1
-2
-2
-1
-3
-3
-1
-1
-1
-2
-1
4.719449339196601
-3
-1
-1
-1
-1
-2
-1
-2
-1
-1
-1
-2
-1
-3
-1
-2
-1
-1
-2
-1
-2
-1
-1
-2
-1
-1
-1
-1
-1
-1
-2
-3
-1
-3
-3
-1
-2
-2
-3
-1
-2
-3
-3
-2
-1
-3
-1
-2
-2
-3
-2
-1
-1
-3
-1
-1
-3
-1
-3
-2
-1
2.34294864870569
-1
-1
-1
-1
-1
-1
-1
-2
-3
5.438325743768068
6.748792313916939
-2
-1
-1
-1
-3
-1
3.582484911121491
-3
-1
-3
-2
-1
-1
-3
-2
-1
-3
-1
-3
-1
-1
-2
-3
-1
-1
-1
-3
-3
-1
5.3704234629306615
-1
-3
-2
-1
-1
-1
-1
-1
-1
-3
-3
-3
-2
-3
-3
-1
-3
-2
-1
-3
-1
-1
-1
-3
-1
-2
-1
-1
-1
-3
-2
-1
-1
-3
-1
-3
-1
-3
-1
-1
-1
-1
10.032664998448169
-1
-2
-2
-3
-1
-2
-1
-1
-2
-1
-2
-3
-1
-1
-1
-1
-1
-3
-1
-3
-1
4.036167325381486
-3
-1
-1
-2
-0.2556501614112143
-3
-1
-1
-3
-2
-1
-1
-1
-1
-1
-1
0.06018571088936042
-1
-1
-3
-2
-2
-1
-3
7.4819098777817175
-2
-3
-1
-1
-2
-1
-3
-1
-2
-1
-1
-3
-1
-1
-1
7.440010334123247
-2
-1
-2
-1
-3
-3
6.990944462095703
-2
-3
-1
-1
-2
-1
-2
-2
-1
-3
-3
-1
-2
-3
-1
-1
-2
-1
-1
-2
-1
-3
-2
-3
-1
-1
-1
-1
-1
10.106322388510682
-1
-3
-3
-2
-3
-1
-1
-1
-1
-1
-1
-1
-1
-1
-2
-2
-1
-2
-1
-3
-1
-1
-3
-1
-1
-3
-3
-1
-1
-1
-1
-1
-1
-2
-2
-2
-1
-1
-3
-1
-1
8.439816739567672
-1
-1
-1
-1
-1
-2
-1
-1
-3
-1
-1
-1
-1
-3
-2
-1
-1
-1
-2
-1
-1
-1
-1
-1
-1
-1
-1
5.727404042583418
-1
-1
-1
-3
7.041820953716618
-2
-3
-1
-1
-1
-3
-2
-1
-2
-1
8.57343785197516
-3
-1
-3
-1
4.803150740576454
-3
-3
-1
-1
-1
-1
-1
7.527785880720485
-1
9.633216685990634
-1
-2
-1
-1
-3
-1
-1
-1
-3
-1
-3
-3
-1
-2
-1
-3
-3
-1
-2
7.147610052446572
-1
-1
-3
-3
-3
-2
-2
-1
-2
-3
-1
3.7445559257307828
-2
-1
-1
-1
-1
-2
-3
-1
-3
-3
-3
-3
-1
-1
-3
-2
-2
-3
-3
-1
-1
-1
-1
-1
-1
-2
-3
-1
-3
-1
-1
-3
-1
-1
6.928402002579821
2.610936018942475
-3
-2
-2
-1
7.611897699481341
6.687924193850257
3.1701304813800446
-1
-2
-1
-3
-1
-1
-1
-3
-1
-3
-1
-1
-1
-1
-2
-2
-3
-1
-1
-3
-1
-3
-1
-2
-1
-3
-3
-1
-1
5.94879778041105
-1
-1
-1
-1
-2
-2
-3
-1
-2
-3
-3
-2
-2
-3
-3
-1
-1
-1
7.0595346444413725
-1
-1
-3
-3
9.48872462789465
-1
-1
-1
-1
-1
-1
-1
-1
-1
-2
-3
-2
-1
-3
-2
-3
-1
-2
-1
-1
-2
-1
-1
-3
-3
-1
-0.7076205111434724
-2
-3
-2
-3
-3
-1
-1
-1
-1
-2
-2
-1
-2
-1
-2
-1
-2
7.431749733190497
-3
-3
-3
-1
3.576222220596593
-1
-3
-2
-1
-1
-1
-3
-2
-3
-1
-1
-3
-2
-2
-1
-3
-1
-1
-2
-1
-1
-2
-2
-1
-3
-3
-2
-2
-2
-3
-2
-1
-2
-1
-1
-2
-2
-2
-1
-1
-1
-1
-1
-2
-1
-2
-1
-1
-1
-2
-1
-2
-3
4.705090583731932
-1
-1
-1
1.9447992058085148
-2
-2
7.2354096032532755
-1
-3
-1
-2
-1
-1
-1
-1
-1
-1
-1
-1
-1
-3
-2
-1
-1
-1
-1
-3
-1
-1
-1
-1
-1
-1
-1
-1
-1
-1
-1
-2
-2
-1
-1
-1
-1
-2
-1
-1
-3
-1
-2
-1
-1
-1
-1
-1
-1
-3
-2
-3
-2
-1
9.89399135882874
-1
-1
-1
8.382711245441463
-3
-3
-1
-1
-1
-1
-2
-1
7.019951418644572
5.919013150537085
-1
-3
-1
-1
-2
-1
-2
-2
-3
-1
-2
-1
-3
-2
5.655207533204674
-1
-1
-3
-1
-1
-2
-1
-3
-1
-3
-2
9.920958562085854
7.430524839307294
-1
-2
-1
1.7939943124791533
-3
-3
-1
-3
-2
-3
-3
-1
8.842277098185637
-1
-1
-1
-3
2.4308505310356425
-1
-1
-1
-1
-3
-3
-1
-1
-1
8.441855350814178
-1
-3
-1
-1
-3
-2
-3
-2
-2
-3
-1
-1
-3
-1
-1
-1
-1
-1
-1
-1
-1
-1
-3
-2
-1
-1
-1
-2
10.006248237543252
-1
-3
-2
-2
-1
-1
-1
-2
-3
-1
-1
-1
-3
-2
-1
-2
-1
-1
-1
-3
7.146013376839488
-2
-3
-1
-1
-1
-3
-3
-3
-2
-1
-1
-1
-2
-1
-1
-3
-1
-3
5.492678093205564
-3
-1
-1
-2
-3
-1
-3
-3
-2
-1
8.637959149849511
-1
-1
-3
-2
-3
-3
-2
-2
-1
-1
