-2
-2
-1
-2
1.9650354315364575
-3
-1
-1
-1
-3
-1
-3
-3
-1
-1
-1
-1
-1
-2
-3
-3
-3
-1
-3
-2
-2
-2
-3
-2
-2
-2
-1
-1
-1
-2
-3
-1
-2
-2
10.151617099321767
-1
-1
-3
-2
-2
-3
-1
-2
-1
-3
-3
5.235692994398033
2.8331782427846015
-3
-2
-1
-1
-1
-3
-1
-2
-1
-3
-3
-2
-2
-3
-1
-3
-3
-1
-3
-1
-1
-1
-1
-1
-1
-2
-3
-1
-2
-1
-2
-1
-3
-1
-1
-2
3.9160162338457685
-3
-1
9.412190111027988
-1
-1
-2
-3
-1
-3
-2
-2
-2
-1
-1
5.736140717102614
-2
-2
-2
-1
-2
-3
-1
-3
-3
-1
-3
-1
-1
-3
-3
-2
-3
-2
-1
-1
-3
-1
-1
-2
-2
-3
-3
-2
-3
-3
-2
-2
-3
-2
-3
-1
-1
-3
-1
-1
-3
-3
-1
-3
-1
-2
-1
-3
-3
-3
-1
-1
-1
-1
-3
-3
-3
-3
-1
-3
-3
-1
-1
-2
-1
-3
-3
-1
-2
8.38577568152704
-3
-1
-2
-2
-3
-1
-1
-3
-3
-3
-2
-1
-1
-1
-2
-1
-3
-1
-3
-1
-1
-3
-3
-2
-1
8.660736800946786
-3
-1
-2
7.239786045316581
-1
-1
9.81916648713022
-2
-3
-2
-3
-3
-1
-1
6.66013917054115
-3
8.55119195827294
8.963229278013467
-1
-3
-2
-3
-2
-1
-3
-3
-3
-1
-3
-1
-1
-1
-2
-3
-1
-2
-1
-2
-2
-2
-2
-3
-3
-2
-2
-1
-3
-1
8.374826457759882
-3
-1
-3
-3
-1
-1
-2
-2
-1
-2
-3
-1
-2
-1
-3
-3
-3
-1
-3
-1
-1
-3
-3
-3
-2
-1
-1
-1
-3
-1
-3
-2
-3
-1
-3
-2
-1
-3
-3
-1
-2
-1
-1
-2
-3
-3
-2
-2
-3
-3
-1
-3
-3
-2
-2
-2
-3
6.915484897874979
-3
-1
-2
-3
-1
-3
-1
-3
-3
-1
-3
-3
-2
-3
-2
-2
-1
-1
-1
-2
-3
-3
-3
-1
-2
-3
-1
-1
-1
-3
-1
-2
-2
-2
-1
-1
-3
-2
-1
-3
-1
-2
-1
4.679971200578283
-1
-1
-1
-3
-1
-3
-2
-2
-2
-1
-1
-1
-1
-1
-2
-1
-2
-1
-3
-2
-1
-2
-1
-3
-2
-1
-1
-2
-1
-1
-3
-1
-3
-3
-1
-1
-3
-1
-1
-3
-2
-2
-1
-1
-1
-2
-3
-3
-3
-1
-1
-1
-2
-2
-3
-2
-3
-3
-3
-3
-1
-2
10.588319056901476
-1
-1
-3
-2
-3
-1
-1
-3
-2
8.902550778984946
-1
-1
-3
-3
-1
-3
-3
-1
-1
-2
-3
-3
-2
-1
-2
-1
-3
-2
-2
-3
-3
10.092777660236335
-3
-3
-3
7.832162074922602
-3
-3
7.224207355506866
-3
-3
-1
-3
-2
-3
-3
-3
-2
-1
-1
8.752046279015302
-3
-3
-3
-2
-2
-3
-3
-3
-1
5.747194197510078
-2
-2
-2
-1
-1
-1
-3
-3
-1
-3
-1
4.920572840467086
9.338156863379597
-1
-1
-3
-1
-1
-1
-1
-1
-1
-3
-1
-2
-3
-2
-1
-3
-1
-3
-1
-2
-2
-3
-3
-1
-2
-2
-3
6.506029862182315
-1
-1
-3
-1
-3
-1
-2
-3
-1
-1
-1
-2
-1
-1
-2
-1
-1
-3
-2
-2
-3
-3
-1
-1
-3
-2
-2
-1
-1
-1
-3
-2
-1
-3
-1
-3
-1
-2
-2
-3
-1
6.597841434633706
-2
-1
-1
-2
-2
-1
-3
-2
-1
-2
-2
-3
-1
-2
-3
-1
-3
-2
-2
-2
-3
-1
-1
-1
-3
-1
-1
-2
-2
-3
9.761589305254526
-1
-3
-2
-3
-2
-1
-2
-1
-1
-1
-1
-2
-1
-2
-2
-3
-3
-3
-1
-3
-2
-2
-2
6.349291426403893
-3
-2
-1
-2
-1
-2
-2
-3
-2
-3
-3
-3
-3
-1
-2
-1
-2
-1
-2
-1
-2
-3
-3
-2
-2
-1
-3
-1
-3
-2
-3
-2
-3
-1
-2
-2
-2
-1
-3
-1
9.4081818944884
-1
-3
-2
-3
10.532196200364393
-3
-3
-1
-3
-1
-1
-1
-3
4.071459720839428
-1
-3
-2
-1
-1
-1
-3
-1
9.15077640159523
-2
-2
-3
-2
-3
-3
-1
-2
-2
-2
5.476778910047461
6.685299173470414
-1
-2
-3
-2
-1
-2
-3
-1
-3
8.032315984568639
-2
-1
-3
-1
-3
-3
-1
-3
-1
3.8208425204464103
-3
-2
-3
-1
-2
-3
-1
4.673458322429793
-3
-3
-1
-3
-1
-2
-1
-1
-2
-1
5.549521109957954
-3
-3
-1
-3
-1
-1
-1
-2
-1
-2
-2
-3
-2
-1
-1
-2
-1
-3
-3
-3
-1
-1
-2
-2
-1
-2
-3
-1
-3
-1
-1
-3
-2
-3
-1
8.663011729034247
-3
-1
-3
-1
-1
-2
-3
-3
-1
-3
-3
-3
-1
-3
-1
-3
-2
-3
-1
-3
-1
-2
-2
-2
-1
-3
-1
-1
-3
-2
-1
-1
-1
-2
-2
-3
-1
-3
-3
-2
-1
-3
-1
-3
-1
-2
-2
-1
-2
-1
-3
-2
-1
-3
-3
-3
-1
-2
-2
-1
-1
-1
-1
-3
-3
-3
-3
-2
-2
-3
-3
7.2286238094359785
-1
-3
2.868514842753397
-2
-2
-3
-2
-2
-1
-3
-3
-1
-1
-1
-1
9.225785931464824
-1
-1
-1
-3
-3
-1
-3
4.823365980260849
-3
-3
-1
-2
-3
-1
-2
-3
-2
-3
-2
-1
-1
-3
-2
6.253538231869101
-1
-2
-1
-2
9.563922624792628
-2
-3
-2
-3
-1
-1
-3
-2
-1
-3
7.176903821847091
-3
-1
-2
-3
-3
-3
-2
-2
-2
-3
-1
-2
-1
-2
-1
-2
-2
-3
-1
-1
-3
-3
-1
7.846534827420157
-1
-2
-1
-1
-1
-2
-2
-1
-1
-3
-3
-1
-1
-1
4.8824912561529406
-1
-1
7.6173725340981004
-1
-1
7.105640706995244
3.6143986374484403
-1
-1
6.081672163349717
-2
-2
-2
-3
-3
-3
-3
-3
-2
-1
-1
-3
-2
-3
-1
-2
5.004506888076829
-2
-3
-3
-2
-2
-3
-1
-3
-2
-1
-3
-2
-1
-1
-1
-3
-2
-2
-1
-1
-2
9.831015659141727
4.505122764606117
-1
-3
-1
-1
-1
-3
-2
-2
-1
-3
-3
-3
-1
-1
7.0785678690332485
-3
-1
-2
-2
