-2
-1
-3
-1
-1
-1
-1
-3
-2
-1
-1
-3
-1
-3
-2
-3
-2
-1
-2
5.838413099939867
8.585396091770578
-1
-2
-3
-3
-1
-2
-3
6.0239085166326
-1
-3
-1
-3
-3
-1
-3
-2
-3
-3
-1
-2
-1
9.59818081432885
-3
-1
-1
6.649324813988079
-3
-3
-2
-2
-1
-3
-1
-1
9.65851492476921
-2
-2
-1
-1
-1
-1
-1
-1
-2
-2
-1
-1
-1
-2
-3
-1
3.6940153458747336
-1
-2
-3
-2
-3
-3
9.150911395901119
-1
-3
-2
-1
-1
-1
-1
-3
-1
-1
-2
-3
-1
-3
-3
-1
-2
-3
-1
-1
-2
-2
-1
-2
-3
-1
-1
-3
-3
-3
-3
-2
-2
-3
-1
-1
-3
-2
-3
-2
-1
-2
-1
-2
-3
-2
-3
-1
9.545924686766938
-1
-1
-3
-1
-3
-1
5.306410552461452
-3
5.228689551791042
-1
-3
-1
5.113960885363289
-2
-1
-1
-2
-1
-3
-3
-2
-2
-2
-3
-1
-2
-1
-3
-2
-3
7.398596703654649
-3
-3
-1
-1
-3
-1
-1
-3
-1
-3
-3
-1
-1
-3
-1
8.801234809031763
-1
-1
7.79253346770472
10.143957668084557
-2
-3
-3
-3
-2
-1
-3
-3
-1
-1
-2
-1
-3
-1
-2
-3
-3
-1
-1
-3
-3
-1
-2
-2
-3
-2
-3
-1
5.379728841285594
3.070501166545567
-2
-1
-3
-3
-3
-3
-1
-1
-2
-2
-2
-1
-2
-3
-1
-1
-1
-1
-2
-2
-1
-3
-3
-3
4.575406663502411
-2
-1
-1
-1
-3
-2
-3
7.877077214021714
-3
-2
-3
-1
-3
-2
-2
-1
-3
-1
-1
-1
-3
-1
-1
-1
-3
-1
-2
-1
-1
-3
-2
-1
-1
-2
-1
8.13402354175945
7.766677437963725
-3
-2
-2
-3
-3
-1
-1
-2
-2
-1
-1
-1
-3
-1
-3
-2
-1
-1
-1
-3
-1
2.6346856209996687
-1
-2
-3
-3
-1
-1
-1
-1
-1
-1
-2
-1
-1
-3
9.398343946246918
-2
-1
-2
-1
-3
-1
-3
-1
-1
-1
-1
-1
-1
9.523120148906237
-1
-1
-1
-1
-1
-1
-2
-3
-3
-2
-3
-3
-1
-1
-2
-1
-3
-2
-1
-2
-1
-2
-1
-3
-1
-3
-3
6.97287942615533
-1
-2
-3
-2
-3
5.778360549255085
-1
-3
-1
-1
-3
-2
-1
-1
-2
-1
-1
-1
-2
-1
9.00820277912635
-2
-3
-2
-1
-2
-1
-1
-1
-1
-1
-2
-3
-1
-1
10.179238338220994
-1
-3
-2
-3
-1
5.5971624647325715
-2
-1
-1
-1
-1
5.182661633031014
-1
-1
-1
-3
-1
-3
-2
-2
-3
-2
-1
-3
-2
-1
-1
-2
-2
-2
-2
-2
-2
-3
-1
-3
-2
-3
-3
-2
-3
-1
-3
-1
-2
-2
-1
-2
-1
-1
-1
-1
-3
-3
-1
-1
-1
8.634108253881466
-3
-1
-1
-1
-2
-3
-2
-1
-1
-3
6.256901983424489
-2
-1
6.930091251601912
-2
-1
-3
-1
5.1139769056196425
-2
-2
-1
-2
-1
-3
-2
5.931181683628358
-1
-3
-3
-2
-1
-1
-1
-1
-3
-1
-3
-1
-3
-3
9.36785140664376
-1
-1
-2
-2
-3
-3
-1
-1
-2
2.5598751829688133
3.88517860172613
-1
-1
-3
-2
-3
10.284109032260547
-1
-2
-1
-2
-1
6.0494981100583285
-1
-1
-1
-2
-3
-2
-2
-3
-2
-3
-1
-3
-1
-3
-3
5.034792734213994
-2
-2
-1
-1
-1
-1
-2
-2
-1
-1
-2
2.090127794669314
-3
-3
-1
-1
-2
-3
-3
-1
-3
-2
-3
-3
-3
-2
-1
-1
-1
-2
-1
-3
-3
-2
-3
-1
-1
-3
-1
-1
-2
-1
-3
7.687286304202946
-3
-1
-2
-3
-1
-3
-1
-2
-1
-2
-3
-2
-3
-2
-2
-3
-3
-2
2.944660992083703
-2
-3
7.335475113945913
-1
-2
-1
-3
-1
-1
-3
-2
-3
-1
-2
-1
-2
-1
-3
-3
-2
-1
-3
9.754016002831872
-1
-1
-3
-3
-3
-1
-1
-1
-1
-3
-1
-3
-2
-2
4.566537099029036
-3
-1
-1
-2
-1
-1
-3
-3
-1
-1
-1
